-0.003390
0.003302
0.002341
-0.010311
0.001073
-0.018700
-0.003385
0.001375
-0.000199
0.014556
-0.001913
-0.008124
0.009665
-0.005239
-0.009338
0.005570
0.006049
-0.008064
-0.002984
-0.004515
-0.005561
0.022803
-0.000406
0.003964
-0.006941
-0.009138
0.006240
-0.002117
-0.000395
-0.003668
0.011060
0.004877
-0.012437
0.003417
-0.004682
0.002312
-0.007760
0.001526
0.000012
0.005295
0.018624
-0.006531
0.003316
0.007260
-0.004783
-0.005156
0.008390
-0.007744
0.003640
0.001403
-0.002402
0.006549
-0.007382
-0.003032
-0.005874
0.005326
0.017219
0.008403
-0.004708
0.008259
-0.008188
-0.010118
-0.007418
-0.005659
0.009223
0.006891
0.006653
0.005683
-0.010842
0.002800
0.000990
0.006201
0.006519
-0.001709
0.000097
0.007910
0.000782
-0.013195
-0.005801
0.010885
-0.004725
0.014413
-0.004482
-0.012999
-0.011828
0.008606
0.008110
0.001266
0.003916
-0.009616
-0.001682
-0.001481
-0.019600
0.005920
-0.000370
-0.006333
0.002447
0.000652
-0.000671
0.004413
-0.009218
-0.002527
-0.007005
0.000048
-0.007087
-0.008350
-0.010704
0.001567
-0.006016
-0.014179
0.004952
-0.003897
-0.005795
-0.000915
0.003252
0.011400
0.012787
-0.008301
0.002322
-0.010884
0.005993
-0.010259
-0.003142
-0.006288
0.010678
-0.004041
-0.002564
-0.005020
0.001407
-0.013074
0.007402
-0.014639
-0.012320
0.004611
-0.005135
-0.000327
-0.007196
0.011728
-0.006989
0.001117
-0.005984
-0.001093
0.003258
-0.005047
-0.004134
0.005062
-0.004464
0.004308
-0.006479
-0.003538
0.007145
-0.011061
-0.005198
-0.005180
0.004619
0.010301
0.001520
-0.008357
0.008297
-0.004474
-0.003557
0.001623
-0.003757
-0.000031
-0.006883
-0.008758
-0.004683
0.000790
-0.003011
0.005003
0.008077
-0.006652
-0.014160
-0.003014
0.011186
-0.003012
0.005756
-0.001785
-0.019057
0.015904
0.005788
0.009306
-0.007026
0.003297
0.000417
-0.016813
-0.011598
-0.000280
0.009979
-0.008667
-0.013589
-0.020509
0.000721
0.011931
-0.013367
-0.005436
0.003908
0.005983
0.020383
-0.002135
0.005233
0.004040
-0.001374
-0.014735
-0.000661
0.007567
0.009746
0.006761
-0.006789
-0.001787
0.006141
-0.003702
0.000461
-0.009532
-0.002664
-0.001901
0.012795
-0.004212
0.015296
-0.003419
0.003719
-0.017793
0.003130
-0.007680
0.001953
0.001548
-0.011445
0.000519
-0.014112
0.000421
-0.007989
0.007176
-0.002924
0.004879
0.001406
-0.009087
0.009403
0.000066
0.001154
0.001627
-0.000424
-0.001123
0.008762
-0.001500
-0.003844
0.006866
-0.006901
0.012536
0.003440
0.003327
-0.011424
0.000423
-0.007223
0.002905
-0.002103
-0.006271
0.005149
-0.009573
-0.017421
-0.000171
-0.000080
-0.009228
-0.020871
0.002614
-0.001879
-0.002386
0.004872
0.005863
0.012735
0.002811
-0.002051
-0.000515
0.001697
0.005561
0.004202
-0.001454
-0.005949
0.016210
0.005958
-0.013321
-0.002374
0.011704
0.004723
-0.021580
0.001191
-0.000915
0.002778
0.008211
0.005341
-0.007550
-0.012240
-0.006203
-0.000619
-0.004518
-0.005228
0.008129
0.000647
-0.015202
-0.011859
0.023853
0.005166
-0.003404
0.002094
-0.017755
0.004165
-0.010549
-0.001656
0.007859
-0.009089
-0.005341
0.010286
-0.000787
-0.003210
-0.003318
-0.005151
0.005564
0.007179
-0.011772
0.001306
-0.003012
0.011436
-0.008253
-0.009375
-0.011613
0.010188
0.007890
-0.008412
0.012139
0.012224
0.003984
0.016501
0.010354
-0.003381
0.003085
-0.014971
0.005488
-0.010265
-0.010498
0.002507
0.001878
-0.006375
0.012024
0.006093
0.001423
0.000919
-0.009400
0.008139
-0.004098
-0.009452
0.003554
-0.009064
-0.003273
0.004475
-0.006127
-0.003538
-0.003728
-0.009161
0.002305
0.005297
0.002619
0.011829
0.012028
0.004944
0.004250
0.005276
0.005483
0.000717
-0.005815
0.003635
-0.004704
0.007072
-0.012882
0.005345
0.001972
0.014342
0.018053
0.007565
-0.000076
0.006842
-0.004378
-0.005949
-0.004031
0.001671
0.009506
0.007607
-0.012645
-0.013258
-0.010633
-0.006448
-0.007260
0.014643
0.006189
-0.000625
-0.007393
-0.012629
-0.008101
-0.001080
0.005271
-0.008710
-0.001707
0.001572
-0.019860
-0.005108
-0.010545
0.016145
-0.005296
0.008772
0.000631
0.001205
-0.002049
-0.003932
-0.009246
0.000746
-0.001699
-0.000515
0.002278
0.001972
-0.004120
0.001475
-0.003485
-0.006752
-0.003610
-0.003308
-0.002660
-0.003885
-0.004653
0.005376
-0.018263
-0.010402
0.014672
0.006269
0.010146
0.003427
-0.002655
0.001569
-0.005492
-0.001262
0.006570
-0.002927
-0.000984
0.003044
-0.007551
-0.003949
0.004278
0.003076
0.013733
-0.006665
-0.008971
-0.003389
0.002309
-0.002744
-0.005918
0.002299
0.002115
0.008704
0.003724
0.002701
0.014101
0.001804
-0.004136
0.010731
0.011520
-0.007330
0.009216
-0.004256
0.005584
0.000597
0.009748
-0.004450
0.007276
-0.001421
0.012439
-0.004359
0.002906
-0.013109
-0.000919
0.002758
0.004097
-0.000904
0.010201
-0.002782
-0.001089
0.002130
-0.011764
0.002790
-0.004645
-0.003648
-0.003807
-0.012897
0.008476
-0.005272
0.001375
0.004316
-0.009509
-0.000005
-0.007987
-0.015137
-0.006285
-0.001885
-0.009551
0.024323
0.006697
-0.002175
-0.011079
-0.008721
0.007860
-0.005446
0.008348
-0.008645
-0.012997
0.003609
0.003590
-0.002930
-0.001812
-0.001809
0.006501
-0.010329
-0.004235
0.000842
0.003618
0.006582
0.013654
-0.002607
-0.007923
0.000135
-0.001030
0.008831
0.001406
-0.011656
0.000486
0.004305
-0.003620
-0.006115
-0.014259
-0.000815
0.000042
0.007044
0.000049
-0.012037
0.004701
-0.004750
0.002565
0.000200
-0.012166
-0.003092
0.006461
-0.004229
-0.000430
-0.002193
0.008715
0.004152
0.013851
0.002116
-0.012086
-0.019978
0.001974
-0.001572
0.002129
0.008408
0.007607
0.010863
0.006730
-0.011140
-0.014642
-0.002238
0.000394
-0.011122
0.001680
-0.005332
-0.004208
-0.001653
0.000082
0.003750
0.002132
0.014013
-0.002238
0.010879
-0.001285
0.004984
-0.015565
-0.010317
0.012565
0.010391
-0.010180
0.003574
-0.001016
0.007905
0.005572
0.000578
-0.002870
0.001450
0.006115
-0.002687
0.005113
-0.007928
-0.007175
0.004709
-0.000356
0.003999
0.012912
0.004224
0.026147
0.007850
0.012274
-0.005496
-0.011455
0.002847
0.004135
0.014404
0.010430
-0.004337
0.005897
0.000865
0.007983
0.010582
0.007435
0.009911
-0.004946
-0.001580
0.002974
-0.001264
-0.004224
-0.012969
0.010002
-0.003600
0.015202
0.007512
-0.000733
-0.011752
0.006718
0.002292
-0.010805
-0.004298
0.001521
0.000674
-0.001953
0.001715
0.011249
0.011043
0.001219
0.004257
-0.019547
-0.012866
0.010570
0.002233
-0.001963
-0.003289
-0.002125
0.001399
0.014356
0.000257
-0.008360
0.010992
0.004003
0.000961
-0.000584
0.005880
-0.013514
-0.001666
0.005589
-0.008827
0.002801
-0.000322
0.004952
-0.005256
-0.001249
-0.002977
-0.025972
0.000155
-0.004385
0.002620
0.014659
0.002486
-0.002358
0.001787
-0.001397
0.004174
-0.005482
0.016809
-0.005371
-0.014770
0.006053
0.004501
-0.008305
-0.013416
0.003533
0.006445
0.008190
-0.001077
-0.009336
-0.010211
-0.000801
-0.002350
-0.002454
0.000539
-0.002180
-0.003641
-0.010375
-0.006718
0.021303
-0.010763
-0.010606
-0.000345
0.011996
0.002866
-0.010173
0.010796
0.001518
-0.000936
-0.001678
-0.002130
-0.005559
-0.004147
-0.013803
0.014687
-0.000192
0.002585
-0.002121
0.002866
-0.003078
0.007806
0.010595
0.004141
0.004645
0.000197
0.001193
-0.006585
-0.009111
-0.006033
-0.006224
-0.004664
0.003719
-0.003381
0.002564
-0.019224
-0.004592
0.008982
0.005928
0.011143
-0.003206
-0.004363
0.005188
0.002638
-0.007876
-0.010950
-0.004761
0.004053
0.003457
-0.003886
-0.001272
-0.008419
-0.009809
0.013433
-0.000441
0.014546
-0.007796
0.002154
0.004214
-0.007154
0.005811
-0.007752
-0.005297
-0.014500
-0.005818
0.011277
0.017782
-0.004494
-0.006798
-0.001362
-0.001398
0.001289
-0.002336
0.016485
-0.010088
-0.007640
0.008541
-0.012480
0.001731
-0.009268
0.002563
-0.003357
0.003270
-0.001415
-0.000008
0.016103
0.002532
0.003647
-0.007812
0.013520
-0.009910
-0.012400
0.010869
0.013410
0.002194
-0.008791
-0.009351
-0.006833
0.001333
0.001842
0.003432
0.015501
-0.004496
0.010964
0.000289
-0.005014
-0.003644
0.003103
-0.009758
-0.009166
0.002941
-0.001295
0.013933
0.003985
-0.004885
0.004741
0.003583
-0.010095
-0.001459
-0.000629
0.003119
0.001867
-0.000514
-0.002726
-0.021183
-0.011578
0.005483
-0.009460
-0.001204
0.001733
0.001987
0.007496
0.018981
-0.006311
-0.005543
-0.018496
0.000288
0.000510
-0.000925
0.004412
-0.000994
0.008601
-0.009044
-0.006806
-0.001577
0.002111
0.009787
-0.004893
-0.012255
0.005337
0.005023
-0.007393
0.003155
0.000763
0.001429
0.000464
0.003605
-0.001863
-0.010363
-0.004372
0.002738
0.010689
-0.002840
-0.022593
-0.007675
0.004266
-0.004551
0.003318
0.007565
-0.003124
0.008875
-0.002562
-0.004059
-0.017929
0.004162
-0.010350
-0.003361
-0.008955
0.004112
-0.001183
-0.005795
-0.005819
-0.004014
0.013488
-0.005054
-0.008141
-0.001639
-0.003459
-0.001391
0.003034
-0.003795
0.007045
-0.000989
0.002323
-0.000345
-0.011653
0.005229
0.006612
-0.014208
-0.000057
0.002120
-0.002186
0.002616
0.000972
-0.005262
0.010522
-0.004789
0.014754
0.002931
0.017171
0.011360
0.002387
-0.003238
0.007652
-0.011392
0.005791
0.006419
0.008904
0.002445
0.002765
-0.005884
-0.010555
0.000168
-0.007461
-0.014761
-0.008153
-0.001886
0.000235
-0.010627
0.004419
-0.019244
-0.004990
0.011328
0.005364
-0.006319
0.000108
0.007520
-0.005403
0.009802
0.002362
0.003173
-0.004412
0.008248
0.009373
-0.003319
-0.019225
-0.008894
-0.011977
0.005616
0.007302
0.003059
0.011038
-0.001822
-0.000648
-0.007084
0.013950
-0.001560
-0.011194
0.001401
0.008225
-0.006919
-0.004639
0.007051
0.015301
0.002955
0.011718
0.004263
0.011274
-0.004429
-0.000440
-0.015112
-0.004350
-0.000876
-0.002482
-0.008744
-0.007020
-0.009130
0.015145
0.004933
0.009590
-0.006619
-0.005422
0.005470
-0.004500
-0.000215
-0.009952
0.011961
0.003333
-0.005590
0.003141
0.003221
0.004936
0.015862
0.001907
-0.003886
-0.000966
-0.002520
-0.001910
0.001114
0.010741
0.001449
0.010025
-0.000937
0.002104
0.000143
0.010074
-0.000438
-0.005306
0.004672
-0.004717
0.004521
0.007247
-0.007248
0.016467
0.009333
0.000524
0.000389
-0.001958
-0.009770
-0.001213
-0.001140
0.004277
-0.008527
0.000517
-0.001839
-0.002960
0.003710
0.005440
0.003068
0.002597
-0.000198
0.001205
-0.001008
0.006060
0.000600
-0.000845
0.005177
0.000279
-0.013938
0.011190
-0.006101
0.002886
0.007195
-0.007720
0.001722
-0.005788
-0.005280
-0.015391
-0.009644
-0.005784
0.003235
-0.010725
0.019096
-0.001897
-0.005908
-0.004353
-0.010268
-0.000149
-0.007191
-0.006816
0.012499
-0.000116
-0.011197
0.002680
0.000365
-0.010582
-0.008500
-0.006249
0.010878
0.005521
-0.000599
-0.012856
0.010759
-0.005749
0.004055
-0.012579
-0.006400
0.006381
0.010384
0.000098
0.002789
-0.006102
0.009936
-0.000255
0.020867
-0.007686
-0.004998
-0.004705
0.007051
-0.010930
0.003775
-0.008355
-0.001694
0.000122
-0.007816
0.005892
-0.008544
-0.000580
-0.007189
-0.002309
-0.005231
-0.002776
0.005215
-0.005147
0.000898
-0.008106
-0.009315
0.002052
-0.013273
-0.002635
-0.003461
0.002939
-0.003311
0.010512
0.002519
-0.006447
0.005963
0.009339
-0.001752
-0.003165
0.002610
0.008457
0.009394
0.004576
-0.003049
0.002076
-0.002867
0.000595
-0.007468
-0.005796
-0.006942
0.001606
0.003024
0.000030
-0.003808
0.002484
0.009787
-0.012195
0.010404
0.005714
-0.011844
-0.003551
-0.000463
0.006826
0.008807
0.001787
0.001051
0.003502
0.008726
-0.005206
-0.001860
0.008557
0.012866
0.009772
0.005539
-0.002325
0.012006
-0.006090
-0.003821
-0.004842
-0.008165
-0.004347
0.003178
-0.000641
0.010744
0.013542
-0.002057
-0.008452
0.010735
-0.003030
0.003512
-0.001852
0.002018
0.005625
0.007180
0.011000
-0.002750
-0.003711
-0.014777
0.002276
-0.001095
-0.007364
-0.004082
-0.008233
0.015240
-0.009760
-0.004990
-0.001570
0.009963
-0.004475
-0.002063
-0.000827
0.013273
-0.004209
0.011678
0.003547
-0.000997
-0.008805
0.005607
-0.007362
0.009079
0.015824
0.001559
0.004019
-0.006687
0.008821
0.009747
0.002842
0.010758
0.007741
0.008595
-0.000681
0.005135
0.010075
-0.006654
-0.000783
-0.003727
-0.004591
0.019212
-0.003899
-0.000773
0.002225
-0.000623
0.000681
0.000950
-0.007282
-0.007450
-0.001425
-0.007790
0.004568
-0.004204
0.006854
-0.005902
-0.006495
-0.015991
0.010265
-0.004214
0.003324
0.005011
-0.005261
-0.000627
-0.015922
0.019017
0.003364
-0.002416
0.001093
0.003834
-0.012218
-0.001369
-0.009159
-0.000340
-0.001521
-0.005939
-0.000607
-0.006770
-0.004793
-0.004092
-0.004388
0.002435
0.000176
-0.003776
0.000140
0.004407
0.009089
0.001483
-0.002379
-0.003995
-0.007014
0.001753
-0.002944
0.015233
0.002176
0.000643
0.006522
0.000731
-0.009429
0.005650
-0.005209
0.002084
-0.004064
0.006933
0.011742
-0.002778
0.005293
0.002274
-0.004712
0.013211
0.003222
0.005977
0.004539
-0.004053
0.001184
0.006327
-0.012379
-0.001170
-0.001430
0.000293
0.001015
0.019704
-0.003062
0.004642
-0.004052
-0.015779
0.000152
-0.012156
0.009455
-0.007626
0.007375
-0.001080
-0.007420
0.002705
0.001239
-0.006408
0.020155
-0.013458
-0.005973
0.020309
0.004866
0.004645
0.013236
0.012916
0.003801
-0.004998
0.013070
0.008001
0.004176
0.001116
0.002114
-0.005065
0.004027
-0.003236
0.012981
0.001464
0.006587
-0.007817
-0.005134
0.010960
0.012629
0.012516
0.000420
0.003433
0.004147
0.011863
0.005073
-0.007101
0.000228
-0.005605
-0.008242
0.002543
-0.003084
0.009850
0.008573
0.000384
0.000167
0.009697
0.003208
0.010837
-0.002800
0.000365
0.001746
-0.004870
-0.005291
0.002138
-0.002032
-0.003373
0.012135
0.001820
-0.005523
0.009232
-0.003143
0.023606
0.017418
0.002995
0.002672
0.002931
-0.011468
-0.004180
0.000689
0.002784
0.005423
0.002136
0.008470
0.010432
0.008733
0.001495
-0.008593
-0.022179
-0.008369
0.009049
-0.000257
0.010957
-0.003993
0.008933
-0.001160
-0.008833
0.008053
0.004687
-0.005488
0.009388
-0.002528
0.005754
0.000274
-0.004426
-0.001917
0.000465
-0.014298
0.003116
0.008743
-0.001734
-0.012145
0.003799
0.007061
0.004007
0.002432
0.011962
0.001621
0.003217
0.006428
0.001145
-0.000434
0.025486
0.003479
-0.001828
-0.003975
0.005212
-0.008570
-0.001245
-0.000479
0.005609
-0.012830
0.006988
0.007550
-0.003414
0.006085
0.011227
0.004826
-0.003575
0.005180
0.003101
0.002818
0.003096
0.006047
0.008119
-0.007508
-0.004929
0.002846
0.011645
-0.005412
0.003298
0.005204
0.012003
-0.006882
-0.005455
-0.008044
0.005190
-0.008128
0.007592
-0.000993
0.011643
0.001157
-0.011150
0.002835
0.006972
0.019831
0.009543
0.008413
-0.015311
-0.011501
0.013286
0.003824
0.008589
0.013174
-0.005136
0.011822
0.013419
0.009780
-0.000705
-0.001327
-0.011491
-0.008421
0.000136
0.003340
-0.005585
0.005448
0.000590
-0.009286
-0.001342
0.010327
-0.005369
-0.000839
0.000968
-0.008584
-0.004844
0.009872
-0.011461
-0.012677
-0.003451
0.004032
-0.001424
0.007233
0.003502
-0.010683
0.002137
-0.000512
-0.005180
-0.002799
-0.001473
0.002420
-0.002600
-0.011668
-0.010619
-0.008698
-0.001444
-0.007371
0.005890
0.004357
-0.005224
-0.006800
-0.016003
0.005923
0.004594
-0.008503
0.002015
-0.004370
0.015965
0.003930
-0.005011
0.009506
0.014267
0.009131
0.004473
-0.000428
-0.006580
-0.003653
0.006854
0.001237
-0.005774
0.002697
-0.001082
-0.004889
-0.000597
-0.005482
0.004541
-0.017155
0.003192
-0.018452
-0.005814
-0.020353
-0.004414
-0.000976
0.001880
-0.005062
-0.002205
0.000175
-0.007692
-0.013444
0.011942
-0.005432
-0.011722
0.007500
-0.004456
-0.001822
-0.004571
0.000048
0.000768
-0.007784
0.006422
0.011430
-0.010926
0.000765
0.004749
-0.000645
-0.006116
-0.015169
0.000976
-0.009607
-0.006997
-0.003446
-0.004495
-0.007856
-0.004872
0.010099
0.008458
-0.005441
0.005603
0.007156
0.002366
-0.013952
0.007661
-0.003026
0.006493
-0.004536
-0.001523
-0.007109
-0.000559
0.010723
0.005041
-0.016089
0.011162
0.000377
-0.013894
0.003487
-0.006902
-0.000961
-0.003536
-0.004967
-0.002125
-0.005091
0.004152
-0.005490
0.003637
-0.002577
0.000348
0.004916
0.001033
-0.005219
-0.011880
-0.002998
-0.011577
0.019960
0.011980
-0.001275
-0.003927
-0.007911
0.013033
-0.001529
0.001967
-0.000361
-0.000137
0.000577
-0.013321
0.000101
0.001971
-0.003945
0.003548
-0.010574
-0.001383
-0.005141
-0.007091
0.011364
0.004385
0.005553
0.011813
-0.008287
-0.002755
-0.002812
-0.007830
-0.003272
-0.000852
0.003226
-0.012473
-0.004687
0.006159
-0.012414
-0.004350
0.005926
-0.006235
-0.008084
0.002532
-0.003197
-0.000828
0.010221
0.006270
-0.013708
0.013110
0.009961
-0.005159
0.004509
-0.010342
0.009074
-0.004100
0.005777
-0.001737
-0.002868
-0.007587
0.000951
-0.005411
-0.012084
0.012423
-0.000744
-0.001505
0.002005
0.009362
0.015846
0.006331
0.000513
0.000705
0.001195
0.014775
0.009192
-0.010140
-0.005197
0.015606
0.008109
-0.004207
-0.000508
-0.004436
-0.000530
0.008027
0.015451
0.017212
-0.001051
-0.003961
-0.012262
0.011558
-0.011297
-0.003075
-0.010215
0.008063
0.016755
-0.003917
0.004540
-0.003689
0.002896
-0.001608
0.002424
-0.002325
-0.005279
0.006268
-0.005858
0.011123
0.000433
-0.004670
-0.007511
-0.000434
-0.000236
-0.008270
0.003440
-0.006001
0.018336
0.002960
-0.012669
-0.001470
-0.007213
0.003899
0.002407
-0.005547
0.003138
0.003806
-0.007727
-0.004918
-0.000862
-0.008385
-0.011618
-0.000974
0.003931
-0.006643
-0.003735
-0.006155
-0.003113
-0.010473
0.006182
-0.008774
-0.009496
-0.008232
0.007737
-0.004318
0.001794
0.000459
-0.003275
0.015469
-0.006787
0.005029
0.012072
0.002378
0.004575
-0.004284
-0.006680
0.003261
0.012107
0.005687
0.003845
0.007704
0.004384
-0.002327
-0.007524
-0.006962
0.015739
0.010870
-0.006587
-0.004553
-0.011640
0.007876
0.002794
0.000875
0.006089
-0.001087
-0.007438
-0.016921
0.024326
0.007621
0.015976
0.009694
-0.003674
-0.000483
0.000384
0.008720
0.022010
-0.006636
-0.005400
-0.007118
0.020995
-0.011201
-0.005445
0.005194
-0.006591
0.009081
-0.001486
0.010212
-0.003657
0.003349
-0.011900
-0.003201
0.004952
-0.008042
-0.004526
0.004036
0.012519
-0.005877
-0.017785
-0.009691
0.003522
-0.005592
0.006034
0.009030
-0.001206
-0.001092
-0.006467
-0.007839
0.004046
-0.002585
-0.002801
-0.001757
0.011037
0.001313
-0.003214
-0.006548
0.004580
0.004790
0.017858
0.014107
-0.004965
0.003347
-0.005285
0.013897
0.003415
0.008574
0.008363
0.010503
-0.007747
0.004044
-0.001411
-0.000895
0.011614
-0.001954
0.003809
0.002309
0.014258
-0.004160
0.013354
0.005260
-0.004652
0.007934
-0.003942
-0.008317
-0.008165
0.006990
-0.000343
-0.008380
-0.000327
-0.010167
0.005168
0.015205
-0.004785
0.002086
0.011267
0.014698
-0.005106
0.005497
0.004450
0.008394
-0.015492
-0.004119
-0.015006
-0.008815
0.002124
-0.003145
0.007145
0.006492
-0.009192
0.008231
-0.001272
0.003804
0.005681
0.003172
-0.001979
0.008162
0.004181
0.010070
0.002153
0.009176
0.001110
-0.006116
-0.002699
-0.003394
-0.003218
-0.000516
-0.013812
-0.025466
0.006341
-0.008661
-0.012728
-0.002832
-0.005525
0.005305
-0.003193
-0.008941
-0.005048
-0.010729
0.010037
0.004367
0.008953
0.006285
-0.000142
-0.007488
0.009761
0.001239
0.003689
0.001548
-0.010010
-0.002643
0.000241
0.006948
0.010588
-0.002991
-0.013608
-0.011771
-0.000203
-0.003230
0.012557
-0.000877
-0.003868
0.011254
-0.004720
0.004419
-0.001615
0.001711
-0.002959
-0.003528
0.006521
0.005857
-0.003084
-0.002016
-0.001284
0.002610
-0.007619
0.007390
0.007861
0.010002
0.007760
-0.009036
-0.004778
-0.009213
0.004001
-0.007654
0.009520
0.019096
-0.001852
0.011901
-0.004460
-0.014266
-0.001322
0.016167
-0.001333
-0.007718
0.002553
-0.006293
-0.003029
-0.002780
-0.012011
-0.007548
-0.004995
0.007789
0.006883
0.008877
-0.000303
-0.006421
-0.016994
0.006848
-0.002173
-0.003373
0.012434
0.003132
-0.002027
-0.004739
0.000520
-0.006248
-0.010992
-0.005406
0.001162
0.008368
-0.006550
0.010574
0.003939
0.000152
0.001266
-0.002853
0.001461
-0.003617
-0.009101
-0.003211
-0.001913
0.000950
-0.009961
0.007608
0.004173
0.000594
-0.000339
-0.006111
-0.007806
0.008318
0.006854
-0.001224
0.011219
-0.011062
-0.000047
-0.006182
-0.003713
0.000816
-0.011719
-0.005725
-0.011039
-0.004737
-0.005583
0.015431
-0.000505
0.003495
0.012397
-0.009347
-0.012080
0.006727
0.014476
-0.006316
-0.000860
0.008922
-0.007021
-0.008267
0.007878
0.018007
0.000377
0.007465
0.004463
0.003207
0.000393
0.001286
0.011066
0.007079
-0.012995
-0.006385
0.011033
0.007244
-0.008100
0.004923
-0.001857
0.000935
0.016523
-0.007218
0.008909
-0.000849
0.009004
0.015070
-0.000986
-0.007263
0.005888
0.000839
0.014878
0.009092
0.007977
0.000554
0.029149
-0.008498
-0.002870
0.027208
0.002396
0.010679
-0.005022
0.001392
0.015140
-0.011626
0.000413
0.004396
0.000794
-0.000131
-0.003023
-0.003275
0.003316
-0.005563
0.018011
-0.000324
-0.003783
-0.006273
-0.003467
-0.009166
-0.000368
0.005709
-0.004925
0.007513
0.005631
0.019422
-0.005155
-0.009804
-0.003804
0.007115
0.013199
0.004065
-0.006619
-0.008233
0.002993
-0.001869
-0.011876
-0.005108
-0.006381
0.003601
0.015385
0.002824
-0.016119
0.008917
0.004986
-0.006446
-0.000625
0.001032
-0.003348
0.002341
-0.006303
0.007881
-0.000146
-0.004018
0.011403
0.002352
0.023882
0.021200
0.001973
-0.007033
0.002648
0.001036
-0.011153
-0.014815
-0.007092
0.002013
0.013695
0.003404
0.001615
-0.009198
0.013291
0.006000
0.003712
-0.014827
-0.010743
-0.005469
-0.002231
-0.004270
-0.010172
0.002187
0.005977
0.008313
-0.002742
-0.010476
-0.009429
0.001976
-0.005402
-0.002318
-0.001385
0.001596
0.000150
-0.008587
-0.003166
-0.001413
0.000603
-0.007151
0.002506
0.006637
-0.000926
0.003061
-0.000517
-0.023436
-0.009804
0.000930
-0.003586
0.002714
-0.005771
-0.011860
0.008435
-0.003112
0.002870
-0.000829
-0.004992
0.018952
-0.005034
-0.009836
-0.002550
-0.008569
0.002424
-0.005444
-0.002260
0.005106
-0.006444
0.001557
0.003757
-0.012272
-0.014565
0.011680
0.005750
0.011078
-0.008920
-0.003245
-0.015149
0.002292
-0.007248
0.007620
0.000843
-0.005529
-0.004120
-0.005147
-0.005791
0.000936
0.003599
0.005549
0.000563
0.007419
-0.006475
-0.003568
0.011990
0.004991
-0.001272
0.004736
-0.000290
-0.009508
0.000340
-0.004623
0.004386
0.003237
-0.008636
0.003520
-0.003219
-0.004629
0.005023
0.004910
0.009870
0.011407
0.009644
0.000324
-0.003979
0.006991
-0.007711
-0.000571
-0.014283
0.011195
-0.007093
0.004268
-0.000269
0.001070
-0.005112
-0.000926
-0.004468
-0.014302
-0.004168
-0.003845
0.002894
0.000020
-0.001694
0.013195
0.003572
0.018012
0.006379
0.006456
0.001422
0.011833
-0.003859
0.008695
-0.000053
-0.018133
-0.006191
-0.008149
0.000342
-0.006980
-0.000493
0.007997
-0.008470
0.004090
-0.009402
-0.001654
-0.001282
0.014030
0.004430
-0.018652
0.006128
0.015461
-0.003985
-0.014837
-0.006066
0.014262
-0.008931
0.014357
-0.007753
-0.005061
-0.002442
0.005550
-0.012487
-0.013181
-0.010981
-0.013277
-0.005626
0.005434
0.010107
-0.002820
0.007661
-0.015059
-0.009184
0.001991
0.005296
-0.000920
0.003393
0.005825
-0.003734
-0.006201
-0.002808
0.003812
0.001585
-0.006178
-0.014582
-0.000480
0.001956
0.010722
0.007138
-0.006054
-0.014050
-0.012742
-0.000197
0.006291
0.006699
-0.002711
-0.000333
-0.000037
-0.011965
-0.005487
-0.002461
0.002350
-0.009287
-0.000141
0.013372
0.000668
-0.010716
0.001953
-0.005670
0.004578
-0.005266
-0.004759
0.008206
0.004870
-0.005477
-0.022121
0.007180
-0.007244
0.005201
-0.007810
0.003881
0.006533
-0.003567
-0.006804
-0.003585
-0.003619
-0.004736
0.000947
0.007074
-0.011202
0.005789
0.003063
0.001675
0.001278
-0.000446
-0.000035
-0.008488
0.000404
0.004027
0.009294
-0.008713
0.006965
0.004608
0.006691
-0.003906
-0.012588
0.002847
0.009046
-0.006837
0.007538
-0.005949
-0.012343
0.010140
0.002984
-0.001201
0.005815
0.007245
-0.011108
0.010814
0.009131
-0.010718
0.004996
-0.006597
-0.009072
-0.005912
-0.001271
0.003816
-0.000103
-0.006180
-0.006141
0.002631
0.008692
0.010820
0.000923
-0.006536
0.004654
0.003608
-0.004611
0.006607
0.001778
-0.009551
-0.006636
0.008183
-0.010362
-0.009117
-0.005144
-0.000220
0.011600
-0.007666
0.002322
0.005580
-0.006019
-0.004221
-0.007746
0.010568
-0.002701
0.012560
-0.000774
0.005825
-0.003804
-0.002002
-0.014115
0.007152
0.001252
-0.010928
0.005710
0.009774
-0.004746
0.007381
-0.007705
0.001978
0.006974
0.003410
0.018820
-0.002910
0.012449
0.006271
0.003611
-0.007148
-0.000840
0.002697
-0.000660
0.006604
0.001923
0.003786
0.002901
0.013826
-0.008865
-0.001272
0.005853
-0.002537
0.000449
-0.008515
-0.010794
-0.003376
0.014182
-0.003941
-0.013803
0.015789
-0.004218
-0.006401
-0.011576
-0.005862
-0.006757
0.001801
-0.002092
0.004430
-0.001778
0.006106
-0.000570
-0.009546
0.004388
-0.006300
0.004432
0.005607
0.004627
-0.004376
0.011651
-0.005137
-0.008836
-0.003521
0.003648
0.009327
0.001841
0.006390
0.014923
0.011105
0.007931
-0.003014
-0.031427
-0.004506
-0.000850
0.005617
-0.007510
0.009098
0.005096
0.009851
0.008369
-0.001747
0.009904
-0.007047
-0.010254
-0.005604
0.000881
0.001079
-0.002135
0.012314
0.006265
0.004455
-0.005384
-0.002071
0.008488
-0.000318
0.000893
-0.007864
0.010186
0.010516
-0.001294
-0.000458
-0.013147
-0.006066
0.007653
-0.011789
-0.000299
-0.001444
0.008218
-0.005290
0.010573
0.003389
0.000002
-0.012020
-0.001739
-0.000090
0.005932
-0.003613
-0.006747
-0.010552
-0.002067
-0.009511
0.000216
0.000345
-0.005231
0.010614
-0.005053
0.001344
0.016961
0.000233
0.001412
-0.006860
0.004846
0.002037
0.003895
0.002513
-0.010549
0.007425
0.005046
0.005764
-0.015830
0.002797
-0.002267
0.005838
-0.007502
-0.002861
0.007693
-0.001819
-0.004791
-0.002355
0.003826
0.010702
-0.007728
0.003656
-0.006237
0.011545
-0.001877
-0.007177
-0.006470
-0.002738
0.002853
-0.010893
-0.004175
0.001917
-0.007178
-0.001461
0.007502
0.001431
-0.008068
0.009165
0.007567
-0.014603
-0.000402
0.012626
0.006964
-0.000771
-0.004775
0.000665
-0.008876
-0.000998
-0.000130
-0.004805
-0.002925
0.004307
0.005940
-0.001936
-0.014518
-0.001229
-0.004545
-0.001885
-0.013760
0.001800
-0.002035
0.002463
0.003738
0.004054
-0.004091
0.005762
0.000691
0.003453
-0.011267
0.001132
0.003884
-0.011080
-0.000152
0.000170
-0.010560
-0.012904
0.000590
-0.008003
0.004936
-0.000970
-0.001295
-0.005460
0.008808
-0.006221
-0.001821
-0.001628
0.002711
-0.011364
-0.004212
0.001324
-0.001574
0.018267
-0.009988
0.005181
-0.007098
-0.001905
0.009286
0.001543
0.002584
-0.006664
0.005430
-0.008228
0.003968
0.002137
0.001940
0.004233
-0.009382
-0.007621
0.008565
-0.013431
0.003987
-0.006360
0.010046
-0.000592
0.010792
-0.000029
-0.003342
0.003227
-0.007217
0.005322
0.001123
0.005800
-0.009374
0.013181
0.000041
0.009399
0.005542
0.003220
0.003324
-0.008593
-0.006729
0.005188
-0.007607
-0.012400
0.001397
-0.013513
-0.005610
-0.000908
-0.000080
0.004018
-0.005738
0.010622
0.013727
0.007042
-0.015980
0.006417
-0.002239
-0.000987
-0.003089
-0.002029
0.021526
-0.006389
-0.006019
0.001741
0.003906
-0.004007
-0.009880
0.008353
-0.010003
0.015255
0.001723
-0.006228
-0.001155
0.004724
-0.008211
-0.008913
0.003449
-0.000585
0.004596
0.006088
0.009416
0.007145
0.004286
-0.005264
0.005146
0.001039
-0.012483
-0.014752
-0.004572
0.006892
0.002095
0.005492
0.005251
-0.003340
-0.001361
0.001720
-0.013750
-0.002058
0.006269
-0.009523
0.006016
0.000873
0.004836
-0.023828
0.002332
0.008862
-0.001447
0.011199
0.003271
-0.007156
0.005443
-0.010934
0.002819
-0.004021
0.010304
0.009206
-0.009203
0.006905
-0.002937
0.001880
0.002357
-0.010981
-0.007676
-0.009151
-0.006746
0.013972
0.000981
0.008452
-0.003135
0.002573
-0.005486
0.015261
0.004868
0.003012
0.013480
-0.006687
-0.012012
-0.000907
0.000494
0.000730
-0.001037
-0.010786
0.003737
-0.008029
-0.003494
0.003310
0.001223
-0.001552
-0.010789
-0.012887
0.000573
-0.006073
-0.003128
0.005549
0.003961
0.005252
0.008294
-0.010829
-0.005964
-0.007127
0.007637
0.003090
-0.001541
-0.003639
-0.009825
0.000626
0.005128
0.004214
0.005822
-0.002419
0.003618
0.009720
0.003426
0.007260
-0.002529
0.005742
0.003785
0.003189
0.010590
-0.000903
0.001412
0.009372
0.004549
0.010649
0.007106
0.010493
-0.000603
0.001828
0.002666
0.004551
-0.011747
-0.010908
-0.012721
-0.002136
-0.002479
0.015977
0.002987
-0.013819
-0.007979
-0.007311
-0.004683
-0.003864
-0.003900
0.010618
0.014805
0.006531
-0.008083
-0.009632
-0.009602
0.006704
0.009101
-0.005535
-0.007117
-0.001065
-0.007432
0.006335
0.008429
0.008409
-0.005054
0.003479
0.014330
0.001223
0.000365
0.004565
-0.002070
-0.002318
0.001524
-0.013433
-0.003596
-0.005342
0.004796
-0.001023
0.002451
-0.008016
-0.010498
0.015715
-0.008327
-0.012043
0.001469
0.007545
-0.014451
0.004260
-0.004112
-0.004208
0.009953
-0.000652
0.006376
0.021209
0.007025
0.002870
-0.008962
0.013638
-0.009415
-0.000015
0.005837
-0.003489
0.003991
0.000010
-0.023472
0.002625
0.013891
0.012954
-0.005768
0.009297
-0.007591
0.002118
-0.010670
0.009937
0.004809
0.010917
0.001819
0.004698
-0.006303
0.013907
-0.001721
-0.007826
0.010853
-0.008528
0.007366
-0.003292
0.012596
0.002098
-0.002018
-0.002631
0.005547
0.001425
-0.012716
-0.003215
-0.007277
-0.003155
0.003822
-0.003612
0.001713
0.008412
-0.007193
-0.008566
0.004778
0.009508
0.001815
0.007684
-0.001360
0.010083
0.012765
-0.014509
-0.004207
0.009572
0.014558
-0.008063
0.010666
0.011185
-0.005548
-0.007946
-0.000382
-0.001501
-0.007328
-0.002903
0.000741
0.000880
-0.001865
-0.003594
0.005879
0.002184
0.012469
-0.001248
-0.013275
-0.005670
0.006063
-0.005963
-0.003044
-0.009182
-0.012592
0.007576
0.018659
0.006676
-0.008325
-0.013046
-0.006248
-0.001642
-0.000812
-0.009803
-0.010651
0.001968
-0.015131
-0.011299
-0.005585
-0.013928
0.003201
-0.000705
0.011638
-0.002789
0.000166
-0.003323
0.001379
0.008028
0.012123
0.003448
0.003849
-0.013378
-0.006808
0.000592
-0.008737
-0.002530
0.008873
-0.005040
0.002242
-0.008448
0.008896
0.002045
0.013328
0.006593
-0.007245
0.013745
-0.001447
-0.007371
-0.004453
-0.000927
0.017797
0.007277
-0.001618
0.010674
-0.000615
-0.002102
0.007027
-0.000647
-0.008805
-0.006722
0.004148
-0.003180
0.001458
0.008249
-0.006093
-0.003403
-0.007868
-0.002877
-0.005003
0.014102
0.008124
-0.004002
-0.001571
-0.007904
-0.010808
0.001383
0.003940
-0.001310
-0.005436
-0.001491
-0.009413
-0.002596
0.007725
-0.000606
-0.013701
-0.001751
0.006526
-0.006480
0.002423
-0.003195
0.004578
-0.000427
-0.009306
0.003706
-0.005520
-0.006823
-0.006071
0.005346
-0.001511
0.013093
-0.007229
-0.009905
-0.015688
-0.001007
0.007360
-0.003225
0.000174
0.006273
-0.005860
0.000672
-0.000279
0.013121
0.008318
-0.000511
-0.001357
-0.003189
-0.003719
0.001111
-0.012227
0.001878
-0.000156
-0.004701
0.002702
0.008422
-0.004851
0.005676
-0.002425
0.002088
0.011511
0.004279
0.003041
0.001962
0.007980
-0.005150
0.017693
0.018976
0.020133
-0.001890
-0.001518
0.008483
0.003808
-0.002809
0.005568
0.014952
0.005947
0.003070
-0.004286
0.006326
0.008616
-0.000410
0.002607
0.006033
0.006436
-0.010774
0.004762
-0.004054
-0.000007
0.004401
0.002792
0.011243
0.008043
-0.006631
0.005448
-0.003644
-0.001946
0.000140
-0.005916
0.003699
0.002866
0.004286
-0.001452
-0.004970
0.008914
0.017517
0.004020
-0.001611
0.015179
0.010227
0.004856
0.006569
-0.005416
0.000448
0.003334
-0.009150
-0.010685
-0.003558
0.001331
-0.001705
-0.014470
-0.000878
0.009793
-0.006166
-0.012329
-0.002867
0.000711
0.000508
-0.003193
-0.008317
-0.002753
-0.001613
-0.000482
-0.004028
-0.014470
0.000291
0.004874
-0.002560
-0.004189
-0.012229
0.004801
0.003191
0.009350
0.000434
0.001051
0.001238
0.012837
-0.001711
0.008433
-0.006238
-0.003485
-0.002856
0.000025
0.001207
-0.003844
0.000709
0.008602
0.002741
-0.003997
-0.006777
-0.008600
-0.005874
0.005841
-0.007626
0.000504
0.003082
-0.003017
0.007024
0.002475
0.004357
0.006909
0.001085
-0.005663
-0.003062
0.000624
-0.003974
-0.002419
-0.009095
0.004369
0.010377
0.014250
-0.000283
0.001515
-0.009959
-0.010556
0.000898
-0.004513
-0.008921
0.022501
0.005172
-0.004558
-0.002486
-0.007063
0.006174
-0.000507
0.006957
-0.003758
0.006265
0.007414
0.002047
-0.003859
0.013674
-0.012874
-0.000855
0.011721
0.005794
0.010328
-0.004621
-0.000505
-0.005751
-0.001541
-0.002115
0.006017
0.000118
0.006380
0.000323
0.008176
-0.005273
0.005598
0.005685
0.001552
0.002018
-0.006692
0.012219
-0.002894
-0.007734
0.000522
-0.001846
-0.003902
-0.000699
-0.006055
-0.008619
0.001358
-0.003319
0.019137
-0.006838
0.018826
-0.005475
-0.002584
0.002649
-0.003989
-0.016520
0.002776
-0.005803
0.009380
0.008941
0.020106
-0.005129
0.009504
-0.011998
0.000488
0.004632
0.002595
0.009945
-0.009694
0.000315
0.000526
0.000232
-0.004915
0.003242
-0.012389
0.001232
0.000137
-0.010305
0.000081
0.001576
0.009005
0.000868
0.007463
0.001208
-0.000049
-0.007584
0.001945
-0.004440
-0.011027
-0.010328
0.005598
0.002940
-0.001017
0.006539
-0.009923
-0.007866
-0.004047
0.001257
0.002882
0.000481
0.000696
0.002568
-0.004499
-0.001716
0.000920
-0.013108
-0.000700
0.014205
-0.002329
0.007368
-0.018942
-0.002282
-0.002750
0.001570
-0.003457
-0.015241
0.021522
-0.004131
0.010008
0.001460
0.009860
0.005105
0.004597
0.013825
-0.004861
-0.006041
0.007015
0.005486
0.007927
0.015184
0.004926
0.004057
0.004912
0.005007
-0.006656
-0.003220
0.005708
-0.002112
0.005042
0.003686
0.016032
-0.001004
-0.002120
-0.005854
0.002461
0.012006
0.008182
0.007786
-0.000439
-0.009905
0.001620
-0.015493
0.000951
-0.004042
-0.014370
-0.005607
-0.011829
-0.001843
-0.005910
0.001235
0.011638
-0.007377
0.010248
-0.000305
0.003143
0.002321
0.005683
0.014182
0.006097
-0.004560
0.008366
0.000568
0.009358
-0.001391
-0.007454
-0.001479
0.013101
0.004409
0.002673
0.016427
-0.000280
0.007776
0.007862
0.016290
0.004461
0.009325
-0.018881
-0.001423
-0.002452
0.003157
0.006128
-0.011394
0.008649
-0.001586
-0.003117
0.000960
0.008017
-0.005915
0.001776
-0.003338
0.003531
-0.005273
-0.003362
0.001287
-0.008986
0.004941
0.013970
0.000034
0.006232
-0.007701
0.009223
0.002814
-0.000574
-0.006429
0.001256
-0.010853
0.017360
-0.004733
-0.017932
-0.000646
0.011543
-0.005993
0.002876
-0.014525
-0.011298
0.017158
-0.014368
-0.006035
-0.007647
-0.008991
0.002151
0.007651
0.002399
0.009166
0.001690
-0.004089
0.007698
-0.011145
0.004085
0.009564
0.000792
0.001369
0.009435
-0.007929
-0.001205
-0.001834
-0.012120
-0.005310
-0.001108
0.006830
-0.001888
-0.003052
0.011587
-0.000689
0.008624
-0.002471
0.003701
-0.003603
0.000906
0.009996
0.005070
0.007866
0.006614
-0.003710
-0.010550
-0.009079
-0.000017
-0.007183
-0.009976
0.004967
-0.006755
-0.003246
0.005724
0.007965
0.001953
0.007096
0.004969
-0.000218
0.005993
0.007701
0.000790
-0.002746
0.002887
0.009529
-0.000884
-0.003274
-0.022296
-0.014901
0.003734
0.002556
0.000282
-0.010086
0.000381
0.000862
0.012958
-0.004485
-0.010977
0.000399
0.009765
-0.000032
-0.000793
-0.005682
0.010284
0.007098
-0.009434
0.010338
-0.014626
0.018304
-0.008967
0.000165
-0.000273
-0.013191
0.007841
-0.015054
-0.014028
0.001412
0.005925
0.007062
0.005640
-0.011775
0.005023
-0.006670
0.006978
-0.002951
-0.000266
-0.009769
-0.005001
0.000276
0.006756
0.013037
-0.002822
0.006299
-0.000071
0.006534
-0.009860
0.011752
-0.000158
0.011733
-0.010534
0.003930
-0.004782
-0.013362
0.007616
0.012572
0.015684
-0.011463
0.000175
0.026742
0.006584
0.005472
0.010220
-0.003042
-0.005517
0.009098
-0.004955
-0.002264
-0.009472
-0.015626
-0.002670
-0.006147
0.003067
-0.002341
0.006179
-0.001557
-0.003737
0.000724
-0.010092
0.008403
-0.010428
-0.016955
-0.014972
-0.004187
-0.008088
0.007559
-0.002869
-0.003135
0.009598
0.009516
-0.011951
-0.004625
-0.006147
-0.004717
-0.005190
-0.012378
0.004671
0.006448
-0.003725
0.007970
0.016229
-0.000604
-0.004195
-0.000749
-0.004268
0.004817
-0.006027
-0.007321
-0.003815
0.001393
0.008385
-0.018051
-0.003720
0.011360
0.003833
0.010371
-0.007889
-0.000804
-0.016391
0.003635
0.002248
0.004074
-0.007102
0.003846
-0.002490
-0.002475
-0.000474
-0.001537
0.012554
0.008959
-0.008804
0.013257
-0.012843
-0.001337
-0.005209
-0.000495
-0.006463
-0.006812
0.015901
-0.005568
0.008823
0.003568
0.004402
0.018758
0.006108
-0.000103
0.006128
0.001531
0.005048
-0.006700
0.010548
-0.005432
0.002026
0.008605
0.013501
0.005789
0.001911
-0.007681
0.000491
0.005519
0.005641
-0.002035
0.008278
-0.022582
0.017921
-0.003737
-0.008784
0.003934
-0.001220
-0.005809
0.002604
-0.010828
-0.002713
-0.007027
0.001905
-0.000493
0.011768
-0.007862
0.020533
0.001710
-0.005679
-0.008394
-0.002582
-0.007846
0.008367
-0.014990
-0.001182
0.008150
-0.004443
0.011586
0.001263
0.010268
0.006725
0.007389
-0.016571
0.004932
-0.009012
-0.002712
0.002780
-0.008198
0.007216
0.002484
0.015740
0.003672
0.003511
-0.007015
-0.004540
0.015186
-0.013431
-0.001175
-0.002357
0.009419
0.001691
-0.005469
0.002785
0.005020
0.002975
0.002322
0.004985
0.008451
-0.011639
0.003887
-0.014074
-0.006697
-0.002525
0.015765
-0.002680
0.003483
-0.004386
0.009644
-0.004258
0.006143
0.003014
-0.001858
-0.003191
0.015710
0.003998
0.000887
-0.008545
0.009043
-0.021790
0.008206
0.011040
0.004362
0.009201
0.003163
0.001928
0.001484
-0.002421
0.000706
0.006800
-0.004935
-0.004400
0.009766
0.005939
-0.002639
0.003401
0.003029
-0.010746
0.001766
-0.014730
0.005111
-0.003207
-0.000524
-0.016173
-0.002624
0.005336
-0.010254
0.003667
-0.006937
0.006953
0.002384
-0.002641
0.005807
-0.008230
-0.003228
0.011249
0.010483
-0.009784
0.002553
0.000435
-0.009474
-0.000586
0.001394
-0.004439
0.008675
-0.006700
-0.006763
0.012437
0.003062
0.009748
-0.001491
0.001630
-0.004884
-0.004209
-0.001184
-0.002653
-0.012680
0.001477
-0.000679
-0.016101
0.003068
0.006436
-0.013570
-0.007713
0.004541
0.001415
0.003112
0.004019
-0.005945
-0.009861
-0.010423
-0.001315
-0.005128
-0.004447
0.000194
0.000529
0.004173
0.014227
0.001002
0.005225
0.003902
-0.008529
0.002540
0.008648
0.003400
0.006901
0.005732
0.003045
-0.000586
0.009847
-0.008491
-0.000675
0.002393
-0.023882
-0.000007
0.003674
-0.002788
0.004714
-0.019657
0.016518
0.011383
0.008988
0.008858
-0.000299
0.003414
0.004313
-0.019138
0.008085
-0.012758
0.012903
0.000007
-0.000175
-0.001819
-0.008246
0.002231
-0.004578
0.002814
0.010095
0.011936
-0.005125
0.008125
0.002648
-0.007080
0.004014
-0.005424
0.011461
-0.009986
-0.001968
-0.001245
-0.005742
-0.005563
0.008383
0.003379
0.013435
0.003816
0.008476
0.005291
0.012203
0.013010
0.002854
-0.009486
0.004810
0.010876
0.005717
-0.016915
0.008453
-0.004165
-0.005934
0.003863
-0.013247
0.001391
-0.003984
-0.010299
0.008598
-0.003309
-0.006922
-0.018126
-0.011296
-0.000417
0.008196
-0.010050
0.005632
0.003191
0.007712
-0.009501
-0.009785
-0.006349
-0.000323
-0.006461
0.001462
-0.002862
0.009691
-0.013310
-0.001946
0.014837
-0.001444
-0.007873
0.001334
0.005389
-0.001476
-0.003731
0.013432
0.013788
-0.003349
0.003993
0.015065
-0.008073
-0.005471
-0.004784
0.008088
-0.000840
-0.007476
0.006738
0.000829
0.011462
0.001912
0.000401
-0.006104
-0.012143
-0.012397
0.001294
0.009878
-0.003853
-0.013718
-0.006650
-0.003669
0.006940
-0.009581
-0.010065
0.000653
-0.013419
0.002894
-0.010054
0.003646
0.001648
0.005334
0.009714
-0.012075
0.001043
0.000985
0.003510
-0.007507
-0.015971
-0.017763
0.000972
0.007415
-0.016147
-0.012125
-0.015478
0.011482
0.004011
0.003713
-0.006346
-0.011759
0.007478
0.000412
-0.020629
-0.007130
0.000255
0.004483
-0.012150
-0.015013
-0.002333
0.013063
0.003503
-0.004245
-0.010138
-0.016563
0.011690
-0.005584
-0.002066
0.000486
0.003155
-0.009485
-0.002694
-0.005204
0.005426
-0.013497
-0.001542
-0.004009
0.005075
0.001098
-0.003099
0.002801
-0.000344
-0.005434
-0.002341
0.000313
-0.005861
0.002280
-0.008568
-0.000054
-0.001303
-0.004690
-0.010722
0.016632
-0.007215
0.004967
0.004081
0.002757
0.014099
0.005581
-0.000627
-0.001480
0.010222
0.011428
0.005521
0.010346
0.001225
-0.002850
-0.007227
-0.003726
-0.012301
0.002456
-0.007407
-0.001715
0.001519
-0.009099
0.000644
0.002932
0.014887
0.003814
0.004861
0.000332
-0.005376
-0.002485
0.005877
-0.014250
-0.010044
0.004992
0.006938
-0.004664
-0.001529
-0.028679
-0.011383
0.012678
0.007573
0.001824
0.010157
-0.007584
0.010102
-0.003522
0.003702
-0.021415
0.003616
-0.006520
-0.017573
-0.011142
0.001567
-0.010808
0.000210
-0.008656
0.012206
-0.004317
0.000786
0.007670
-0.010136
0.006265
0.017357
0.020863
-0.005661
-0.014222
-0.002771
-0.004377
0.023626
0.004606
-0.002372
-0.007644
-0.009411
-0.007951
-0.001478
-0.001447
0.000527
-0.005388
0.002994
0.001787
0.009522
-0.008734
-0.001076
0.009001
-0.000134
0.013368
0.009488
-0.007929
0.002825
-0.001965
0.002690
-0.020368
0.007419
-0.001379
0.000848
-0.011887
0.003223
-0.001631
-0.002007
0.000322
0.005411
0.001964
-0.002135
0.005597
-0.001487
-0.002547
0.010388
-0.005368
-0.010676
0.006883
0.010308
0.009492
0.012322
-0.009624
0.003515
0.002806
-0.001191
0.021685
-0.001740
-0.007317
-0.004046
0.002981
-0.001388
0.020073
0.003694
-0.004197
0.003168
-0.003034
-0.007649
0.005857
0.007091
0.005508
-0.008597
-0.002495
0.013020
0.005157
-0.012778
-0.006892
0.005476
-0.004532
0.010767
-0.001153
0.001147
-0.003907
-0.003019
-0.001654
0.004706
-0.007358
-0.014994
-0.012073
0.007149
-0.002434
0.007365
0.004664
-0.003970
0.001114
0.002880
0.006108
-0.006719
-0.008087
-0.011206
-0.002966
0.007271
-0.014007
-0.006337
-0.006948
0.018964
0.016981
0.002535
0.009738
-0.004436
-0.001338
0.000566
-0.014247
-0.004332
0.006617
-0.005105
-0.004569
0.003029
-0.002091
-0.001940
0.005461
-0.011714
0.009152
-0.012839
-0.006422
-0.001977
-0.004596
0.000483
0.005865
0.013416
0.005541
-0.002895
0.000851
-0.000240
0.001739
-0.005275
-0.003374
0.007982
-0.003267
0.001065
0.019514
0.008312
0.008177
0.009934
0.000062
0.002249
-0.011102
-0.003386
-0.008735
-0.010796
-0.010572
0.002147
0.008006
-0.004675
-0.002298
-0.008790
-0.006965
-0.012718
-0.001687
-0.000347
0.013850
-0.003695
-0.011176
0.017643
-0.004152
-0.008138
-0.007693
-0.000807
-0.010097
0.017025
0.000743
-0.005924
-0.005360
0.007547
-0.005950
-0.004279
-0.000518
0.004895
-0.002433
0.007590
0.003907
-0.009032
-0.005129
-0.017816
-0.006518
0.008987
0.000295
-0.002268
0.011839
0.010558
-0.008679
-0.004788
0.000427
-0.003303
-0.002516
0.003096
-0.000446
-0.004446
0.003302
-0.006941
-0.001251
-0.006655
0.008574
-0.006175
-0.021095
-0.003406
-0.008785
0.005521
-0.005926
-0.009751
-0.017652
0.000068
-0.000054
0.017467
0.005961
0.002246
0.001835
-0.007047
0.011768
0.012383
-0.001919
0.004736
-0.008548
0.002199
-0.019033
0.002326
-0.003937
-0.006776
0.006012
0.017222
0.004043
-0.001416
0.002476
0.008593
0.000132
-0.013935
0.004418
0.008795
0.009784
-0.003374
0.000471
-0.005089
0.013659
0.005627
-0.002940
0.001428
0.013774
-0.002279
-0.015356
0.004600
-0.010877
-0.005106
-0.015145
-0.000827
-0.000017
0.014433
0.003663
-0.002761
0.008221
0.003304
0.006417
0.003965
-0.009248
0.012229
0.015886
-0.004248
-0.017740
-0.024116
-0.004799
0.006208
0.009493
0.005318
0.008999
-0.001362
0.006690
-0.001782
0.002179
0.005065
-0.006482
0.007102
0.008829
0.015146
-0.004141
0.005543
0.012685
-0.005881
0.002359
-0.008107
-0.005715
-0.014876
0.004256
0.007178
-0.012272
-0.001886
0.011159
-0.002354
0.002728
0.000444
-0.011429
-0.004636
0.001565
-0.000584
0.011545
0.002508
0.002914
-0.008050
0.004890
-0.005674
0.002279
0.002823
0.013751
-0.005148
-0.007716
0.006233
-0.006772
0.003809
0.003468
0.002363
-0.009413
-0.009450
-0.000251
-0.001902
-0.016453
-0.010279
0.014234
0.002867
-0.016017
0.008603
-0.002949
-0.002947
0.003245
-0.000450
-0.004503
-0.002915
-0.003951
-0.020215
0.011527
0.003182
-0.001214
0.002021
0.008296
0.007197
0.012592
0.001991
-0.010575
-0.005089
0.002599
0.004580
0.005008
-0.011553
-0.005180
0.011250
0.000911
0.003995
-0.002812
-0.002228
0.001065
-0.010511
-0.004907
-0.010542
-0.012228
0.010683
-0.001392
0.009099
0.005982
-0.007105
-0.000152
-0.011098
0.000195
-0.001118
-0.002245
-0.008110
0.003919
-0.012043
-0.006850
-0.000608
0.008922
-0.002302
0.015158
-0.019597
-0.015391
0.002305
-0.004895
0.016436
0.007102
0.008364
0.005159
-0.002107
-0.004797
0.001982
0.001226
-0.008596
-0.004821
-0.008920
-0.009894
0.002504
0.002062
0.000345
-0.001779
-0.007990
0.001314
0.012655
0.019003
-0.004155
-0.010738
0.000597
0.009993
0.004070
0.009477
-0.008091
-0.001171
0.020001
-0.007796
-0.008826
0.015102
-0.003827
-0.010451
-0.004466
-0.009361
-0.003636
0.007476
-0.015987
-0.007767
-0.000212
-0.005297
-0.009245
0.000493
0.002597
0.001746
0.002952
0.003697
0.006433
-0.000832
-0.013545
-0.002249
0.006764
-0.004183
-0.004110
0.006912
0.002927
-0.007789
0.004963
0.000693
0.001892
-0.015348
0.010351
-0.014418
0.002522
-0.006820
0.010614
-0.006061
-0.015559
-0.000023
-0.005728
0.004641
-0.004156
-0.013438
0.001263
-0.013492
0.006490
-0.010102
0.000254
-0.012204
-0.002873
-0.006963
-0.005654
0.003423
-0.001096
-0.004386
-0.004023
-0.003380
-0.002528
0.009190
0.003310
0.009222
0.013706
-0.004127
-0.006495
0.003996
0.003604
0.008822
0.003613
-0.000470
-0.004267
-0.003399
0.007789
0.003901
-0.001647
-0.003540
-0.006660
-0.003589
-0.002095
-0.003965
0.004577
0.002914
-0.002517
0.004237
0.001526
-0.000908
-0.001244
0.003926
0.001563
-0.004472
-0.002503
0.011087
-0.008640
-0.006830
0.010323
0.011718
-0.005364
-0.004736
0.005106
-0.006479
0.007060
0.008298
-0.005178
-0.000378
-0.011569
0.005402
-0.005534
-0.009609
-0.007649
0.010341
0.004184
0.005467
0.002984
-0.011968
-0.003602
0.014129
-0.008871
-0.006088
0.004560
-0.000436
0.008618
0.001126
-0.001309
-0.003968
-0.003009
-0.007209
-0.001860
-0.010123
-0.003057
-0.010328
-0.004529
0.023169
-0.001108
-0.007407
-0.004132
-0.010081
0.005083
-0.000336
-0.005309
-0.009456
0.002262
-0.000098
0.002462
0.009297
0.008986
0.006904
-0.009528
0.008011
0.011654
0.000184
-0.001339
0.002192
0.004029
-0.010733
0.012505
0.000132
-0.001212
-0.010088
0.013987
0.000764
0.012486
-0.011959
0.005428
-0.000581
-0.007273
-0.006350
-0.003858
-0.009180
-0.001368
0.005547
-0.018460
0.011121
0.006073
-0.003250
-0.001780
-0.000880
-0.003346
0.009786
0.009992
0.004554
-0.000040
0.009560
-0.002580
-0.016914
0.015572
0.010262
0.011293
0.000643
-0.001527
-0.006076
0.011125
0.008794
-0.006451
0.001630
-0.001156
0.000369
-0.002630
0.003473
-0.006380
-0.000240
0.011549
0.004455
-0.011637
0.008188
-0.002439
0.000769
0.005298
0.002941
-0.009391
-0.016469
-0.008341
0.001126
-0.007339
-0.007827
0.003913
-0.020805
0.001709
0.003576
-0.005473
-0.018907
0.013777
-0.003377
-0.005781
0.001711
-0.003601
0.006599
-0.001979
0.000530
0.011927
-0.001357
0.007932
0.002450
0.007398
-0.006181
0.004974
0.002763
-0.005853
-0.012092
-0.015131
0.000584
-0.001221
0.009375
-0.004477
0.001205
0.002658
-0.004094
0.001301
0.004856
0.000688
-0.012611
-0.017631
-0.005389
0.004450
-0.000933
-0.000432
-0.007100
-0.007361
-0.009615
-0.000888
0.002189
-0.003542
-0.007123
0.002992
-0.022505
0.005000
0.010216
0.014069
-0.004925
0.006237
0.004984
0.000079
0.005000
0.004456
-0.011942
-0.008867
0.006364
-0.004593
-0.018572
0.001345
-0.012532
-0.008919
-0.005307
0.006588
-0.003379
0.007961
-0.006758
0.006345
0.006331
0.010346
-0.000929
-0.004069
-0.019449
0.013436
0.005694
-0.005947
0.001157
0.006094
-0.004883
-0.003133
0.006121
0.002711
-0.009600
0.015245
-0.016828
0.003331
0.001793
0.008225
0.000022
-0.006535
0.003588
-0.005940
0.003284
-0.011905
-0.003321
-0.014910
0.007347
-0.004719
-0.005212
-0.002987
0.002918
0.006878
0.003925
-0.019419
0.002975
-0.003249
-0.001505
0.008551
0.004825
0.008102
-0.001885
-0.002073
0.000675
0.008338
0.009673
0.000305
0.000105
-0.004643
0.002622
0.002489
-0.000159
0.004113
-0.004215
-0.000844
-0.003609
0.013824
0.004369
0.002629
0.005876
-0.000380
0.003973
-0.008479
0.009183
0.003305
-0.005461
0.002403
0.020334
-0.012442
0.007148
0.000078
-0.010937
-0.002036
-0.001930
-0.013616
0.002206
-0.009647
0.007414
-0.003624
0.010343
0.009267
-0.012484
0.003192
-0.001025
-0.006063
0.005885
-0.009046
-0.002237
-0.007345
0.002691
-0.000495
0.003500
-0.004683
0.001155
-0.005818
-0.006412
-0.004921
0.005551
0.003459
0.004525
0.002561
-0.000468
-0.003563
0.006311
-0.008227
-0.000197
-0.001952
0.002719
0.011341
0.004840
0.009144
-0.002365
-0.005196
-0.010069
0.004474
0.009230
0.000110
0.005368
-0.000228
-0.006463
-0.013773
-0.002901
0.008843
0.002964
0.005106
0.016408
0.007078
0.013181
-0.003760
-0.001037
-0.001876
0.006820
-0.015325
0.004557
0.013289
0.003527
0.007311
0.007883
-0.006558
-0.004618
-0.013185
-0.003795
0.008401
0.008513
0.004720
-0.004485
-0.001917
-0.002866
0.001330
-0.005482
0.004625
-0.007690
0.007430
-0.015860
-0.014951
0.006374
-0.004936
0.015086
0.012651
-0.003938
-0.000519
0.005393
0.008368
0.001991
0.006555
-0.013786
-0.010848
0.000553
-0.007541
0.010883
-0.002017
-0.001543
-0.008964
-0.002479
-0.007147
0.010728
0.008187
0.007951
0.003561
0.001058
0.005841
0.003316
-0.014266
-0.002962
-0.002294
-0.004148
0.002147
-0.005933
0.006447
-0.007301
0.010865
-0.003195
-0.002156
0.006433
-0.003400
0.003883
-0.000748
0.002762
0.003233
-0.009856
0.006296
-0.002845
0.001624
-0.006054
-0.002977
-0.007434
-0.007167
-0.002567
-0.002742
-0.010241
0.004248
0.008562
-0.005287
0.004941
-0.003463
-0.002851
0.000898
-0.002558
0.013216
0.003181
0.001693
-0.003912
0.002023
-0.004236
0.003879
-0.000313
0.001193
-0.004004
0.000610
0.002917
-0.002744
-0.007175
0.010364
0.017176
0.019154
0.006910
-0.023750
-0.003941
0.007712
0.005638
0.013940
-0.005909
0.015153
0.010609
0.004989
-0.013287
0.001655
0.007425
-0.001573
0.003108
-0.007868
0.007937
0.007588
-0.006277
0.005461
0.003713
0.000923
-0.007487
0.018623
0.000643
0.000821
0.008239
0.003562
-0.001982
0.005261
0.011954
-0.001241
0.007313
-0.000316
0.005422
0.000202
0.007389
0.004687
0.017031
-0.004732
0.002323
0.001872
-0.000180
0.006212
-0.002310
-0.005590
-0.004387
0.007634
0.010272
0.002989
0.019547
0.003616
-0.000889
-0.015934
0.006519
0.002383
0.000045
0.011185
0.010940
0.013327
-0.001324
0.020419
-0.009248
0.000064
0.008989
-0.004030
0.015281
-0.011618
0.010080
-0.004094
0.005885
0.003708
0.004835
-0.002132
0.017817
0.004392
0.000196
-0.007403
-0.001434
-0.011784
-0.005736
-0.001014
-0.005149
-0.005057
-0.001050
-0.005703
-0.001942
0.008534
0.004877
-0.015057
0.009358
-0.004297
0.000130
0.003586
0.011221
0.000028
0.010944
-0.012787
0.005225
0.004898
0.003277
-0.002340
-0.005458
0.004615
-0.011908
-0.005094
-0.002862
0.009871
0.014257
-0.012099
0.002742
-0.015405
-0.012263
-0.013511
-0.003292
0.003447
-0.007994
-0.012936
0.005808
0.012316
0.003436
-0.005591
0.000085
-0.006894
0.003745
0.008694
0.000420
0.003760
-0.007490
0.012321
-0.000977
0.011542
0.006118
0.002427
-0.000554
0.004352
0.009653
0.014569
0.002198
-0.013156
-0.011881
0.013696
-0.003808
-0.006089
0.003529
0.001649
-0.009593
0.003698
0.015018
0.008759
0.007371
-0.004327
0.007897
0.006569
-0.000606
0.008504
0.002562
0.004545
0.003758
0.007627
-0.012568
-0.004981
0.011130
-0.003968
-0.004867
-0.004999
-0.007936
-0.019094
-0.009860
0.005787
-0.002794
0.001192
-0.001011
-0.000773
0.012405
-0.000607
-0.008388
0.005821
0.007019
0.007009
-0.002516
-0.004166
-0.002353
-0.000730
0.001789
0.007023
-0.007917
0.001085
-0.009218
-0.001666
-0.002195
0.008308
0.015078
-0.006704
0.012532
0.008414
0.004558
-0.008110
-0.014776
-0.004186
-0.008134
-0.014183
-0.000510
0.004106
-0.000311
-0.005703
-0.004342
0.000737
-0.000845
-0.004230
-0.003393
0.004474
-0.015270
0.007205
-0.002025
-0.005697
0.010493
-0.006636
0.001784
-0.005669
-0.001334
-0.013484
0.007322
-0.013510
0.007556
0.005480
0.001433
-0.006362
-0.001788
-0.011869
0.002596
0.004341
0.005537
-0.011064
0.002616
-0.008248
-0.005157
0.006122
-0.003092
0.011179
-0.006994
0.009992
0.009603
-0.009313
0.007916
-0.004426
-0.008129
0.007067
0.002533
0.001476
0.004604
-0.007914
0.002497
0.014117
0.005083
0.002162
-0.000431
0.000694
-0.010027
-0.014075
-0.001283
0.000894
0.006619
0.016649
0.008493
0.006901
-0.003669
-0.001639
0.006239
-0.012181
-0.006198
0.001366
0.001930
-0.016843
0.006464
0.001830
-0.006779
0.005818
0.001342
0.003481
0.009219
-0.007047
0.004937
0.005945
-0.006922
0.009555
-0.002351
-0.001312
0.000647
-0.003571
0.010725
-0.005171
0.002288
0.001861
0.002745
0.002241
-0.011103
0.002901
0.005895
-0.004689
0.010852
-0.000770
-0.011450
-0.001988
0.002500
-0.005874
-0.008366
-0.003515
-0.003242
-0.005237
-0.007867
0.000287
0.010165
0.000868
0.018621
-0.002602
0.000956
0.000745
-0.012458
-0.019507
-0.000689
-0.007103
-0.007236
0.002995
0.002108
-0.008261
-0.004596
-0.012178
0.006785
-0.000673
0.006057
-0.010477
0.001886
0.000998
0.015898
-0.011329
0.006495
-0.008163
-0.000324
0.007202
-0.001533
-0.011001
-0.004008
-0.008757
0.005740
0.006063
0.007320
-0.001670
0.005980
-0.001604
0.003196
-0.003422
-0.006154
-0.016566
0.001883
0.002000
-0.010303
-0.015169
0.008865
-0.005985
0.002130
0.002782
-0.000161
0.008225
-0.003639
-0.004513
0.006801
-0.002974
-0.000752
-0.006338
-0.015115
-0.001005
0.002198
-0.007107
0.016163
0.000845
-0.000574
-0.006059
0.002633
-0.008833
-0.007721
0.011578
-0.013948
0.001500
0.001727
0.013877
0.000975
0.002582
0.009043
0.006750
0.003141
-0.001303
0.008900
-0.012651
0.002917
-0.009006
-0.002344
-0.010147
-0.000588
0.000282
0.012569
-0.012879
-0.005371
0.004218
0.005180
-0.007929
0.008901
0.013821
-0.008380
-0.008081
0.016238
-0.014797
-0.007163
-0.004393
0.010344
0.003834
0.002485
-0.009273
-0.002835
0.001499
-0.004294
-0.009951
-0.003199
-0.002941
0.008696
-0.008959
0.016158
0.005971
-0.016351
0.015239
0.001048
0.000136
0.003441
-0.008668
0.005519
0.010446
-0.007588
-0.009793
0.011772
0.003749
-0.008737
-0.008216
-0.011455
-0.001616
-0.002890
0.008527
-0.004017
-0.006579
-0.010247
0.004271
-0.018293
0.005325
0.009556
-0.011391
-0.003970
-0.008234
0.005967
0.001499
0.001239
-0.002185
0.000108
0.008140
0.001030
0.000308
-0.012975
0.013272
-0.005635
0.002851
0.006026
-0.002705
0.004255
-0.005865
0.011774
0.011940
-0.003306
0.000736
0.001717
-0.001870
-0.001469
-0.001980
-0.002251
-0.005009
-0.001008
0.004853
0.011726
0.006366
-0.001228
0.004569
0.003546
0.009443
0.001555
-0.001043
-0.000429
-0.012067
0.005818
0.004451
-0.003031
-0.005909
0.009450
-0.016527
-0.001905
0.005372
0.012821
-0.000693
-0.008186
0.006009
0.004422
0.001521
0.003713
-0.001613
-0.004638
-0.000145
0.000976
0.001967
-0.013723
-0.000031
0.003944
0.012994
0.010173
-0.001238
0.005115
0.007664
0.005025
-0.009457
0.000126
0.006182
0.004865
-0.000939
0.004686
-0.000461
-0.000262
0.000671
-0.009898
-0.008973
0.001745
0.014993
0.004159
0.005454
0.002705
-0.003451
0.002367
0.005549
0.002906
-0.013013
0.013570
0.009036
-0.005140
0.010674
0.000309
-0.004772
-0.002262
0.003240
0.021806
0.001605
0.001191
-0.003518
0.001257
-0.001884
-0.008546
-0.004686
-0.012877
0.007364
0.009987
0.012824
-0.009581
0.011506
-0.002585
-0.000811
-0.003499
-0.015940
-0.011404
0.002616
0.010381
-0.008175
0.005945
0.014888
0.002700
-0.012476
-0.007699
-0.006645
0.006244
0.009541
0.005933
-0.003493
-0.007753
-0.002717
0.006031
0.002693
-0.004484
-0.004938
-0.006593
-0.015164
-0.015747
0.001040
0.001046
-0.006472
-0.000828
0.007578
-0.004147
-0.007082
-0.003318
-0.002187
0.005709
0.003815
0.008532
-0.001492
-0.007481
-0.012744
-0.004116
0.002961
0.013886
0.006304
-0.010943
-0.005895
-0.003726
0.004219
0.010835
-0.009801
0.007870
0.001620
0.001654
-0.006610
0.004501
-0.009900
-0.012870
0.003092
-0.004241
-0.004955
0.003988
0.003839
0.017139
0.000782
-0.005496
0.003732
-0.007521
-0.004896
0.011193
-0.010099
-0.011432
0.002708
0.000810
0.006569
0.008981
0.002688
-0.001792
0.000085
0.003461
0.002005
0.000607
0.000860
-0.011828
0.001757
-0.001166
-0.004765
-0.010433
-0.006369
-0.010864
0.007543
-0.010041
0.000064
0.001144
0.001213
-0.024041
-0.011887
0.001102
-0.004237
-0.003938
-0.003685
-0.005009
0.002696
0.009921
0.008388
0.000637
0.014089
0.002885
0.003221
-0.010305
0.000508
-0.003446
0.007305
-0.001324
-0.006254
0.004052
0.002487
-0.004823
0.013066
-0.002761
-0.012128
0.003740
-0.016812
0.004417
0.011166
-0.005116
0.005493
0.006128
-0.016429
0.011082
-0.007074
0.002458
-0.005721
-0.015316
0.005477
0.007669
-0.002334
0.004087
-0.004278
0.008016
0.003555
0.013029
-0.002277
-0.009130
-0.002689
0.003308
-0.008433
0.006760
0.005366
0.010156
-0.004585
0.008781
-0.003737
0.002234
0.003515
0.009903
0.003646
0.011342
0.005119
0.006180
-0.006122
-0.008290
0.000498
-0.003751
0.007904
-0.002932
0.011706
-0.003820
0.007731
0.008579
0.004281
-0.005715
-0.003675
0.004267
-0.001457
-0.001197
-0.006081
0.004252
-0.003330
-0.018748
-0.006527
-0.006081
-0.011400
-0.001575
0.002130
-0.010200
-0.014217
-0.006500
0.000126
-0.008322
-0.002757
0.009130
0.003089
0.010804
0.001894
0.002709
-0.004993
-0.000300
-0.010558
-0.017258
0.001573
0.013023
-0.009976
0.005058
-0.000102
-0.000239
0.006043
-0.002396
-0.013598
-0.008284
-0.010413
0.002732
-0.007664
0.002227
-0.002650
-0.003334
-0.001825
0.003636
-0.014023
-0.003057
-0.001664
-0.006443
-0.001380
0.002761
-0.005052
-0.006825
-0.001791
-0.011576
0.004499
0.006040
-0.001446
-0.001840
0.002125
0.000816
-0.010490
-0.015169
0.012374
0.007363
0.006329
0.004656
-0.002804
0.002487
0.008693
-0.009487
0.003102
0.001849
-0.000410
0.005703
-0.006395
0.002466
0.024947
-0.008151
-0.009005
-0.000880
-0.011555
-0.010756
0.003488
-0.009521
0.007866
0.004215
-0.007132
0.000059
0.000047
0.005707
0.017672
-0.002187
0.001403
0.003123
0.007392
0.005937
0.010153
-0.003073
0.001614
-0.001261
-0.004236
-0.009698
-0.003924
-0.000451
-0.006177
-0.006446
0.008966
-0.007238
-0.009239
0.013821
0.000875
0.001140
0.001933
0.010974
-0.000784
0.008683
-0.000785
0.009332
0.001890
0.004674
0.016213
-0.008161
0.016643
0.002100
-0.015175
-0.007625
-0.003927
-0.002201
0.005217
0.008215
-0.006266
-0.005635
0.005568
-0.004548
-0.002090
0.011365
-0.005215
-0.000111
0.006613
0.005540
-0.003726
0.005332
0.016848
-0.005964
-0.001921
-0.014155
0.010232
0.002390
-0.001934
0.011598
0.004318
0.004805
0.011106
0.006813
0.003530
-0.007523
-0.001173
-0.007315
-0.010000
-0.000561
0.012282
-0.012689
-0.017927
0.009278
0.004598
-0.003004
-0.013541
-0.007623
-0.003560
0.009644
-0.015061
-0.010484
-0.001221
-0.000363
0.003837
0.008255
0.003123
0.003887
-0.011328
0.005151
-0.004483
0.016701
0.006252
-0.011150
0.001158
0.002814
-0.003579
0.006280
-0.004582
0.003916
0.007315
0.005883
-0.006669
0.009137
-0.003597
0.009643
0.011437
-0.009180
0.000021
-0.001827
-0.001036
-0.000617
0.000500
-0.000693
0.011680
-0.007327
-0.011473
0.004381
0.003150
-0.011428
-0.000312
-0.011844
-0.004270
0.002266
0.008780
-0.008162
0.002590
0.005354
-0.005021
0.002616
0.000221
-0.011971
0.003799
-0.002115
-0.003370
-0.000617
0.008314
0.004763
-0.002680
0.003092
-0.005288
0.014257
0.005773
-0.009953
-0.003838
-0.002799
0.002457
-0.020081
0.010893
0.010923
0.000221
0.001756
-0.004324
-0.001554
0.003044
0.001590
-0.003145
0.009543
-0.007158
0.002619
-0.003846
0.005030
-0.005327
0.000869
0.001609
0.003315
0.015099
-0.002995
-0.002308
0.016148
-0.002698
-0.016864
0.013393
0.001824
-0.001695
0.005002
-0.011917
0.000403
0.008097
-0.005619
0.006751
-0.005529
-0.005093
-0.004763
-0.000121
0.002272
0.000933
0.003950
-0.012518
0.000989
0.002165
0.005213
0.006910
-0.002499
0.007566
-0.008816
0.005627
-0.005580
-0.001778
0.012811
-0.000162
-0.001877
0.017329
0.015065
-0.003944
0.002567
-0.002598
-0.001102
-0.000765
0.002467
0.002943
0.002949
-0.003715
-0.007167
-0.000484
-0.002241
-0.014007
0.006014
-0.004429
0.005724
-0.005524
0.007191
0.007916
0.000057
-0.011658
-0.006175
0.003607
-0.004990
-0.005311
0.000950
0.006210
0.010910
-0.004845
-0.005473
-0.005555
-0.001891
0.004756
-0.010712
-0.006850
0.005208
-0.008704
0.004528
-0.004458
0.001675
-0.005000
0.021714
0.007321
-0.000534
-0.010059
0.003240
0.007064
0.002518
0.014965
-0.005054
0.011787
0.003093
0.007659
-0.001468
0.009262
-0.001831
-0.000760
0.008975
-0.005276
-0.008020
-0.013898
0.009877
-0.000412
-0.002068
-0.011904
0.005193
-0.001350
0.005326
0.000166
0.001676
-0.010032
-0.014820
0.004561
-0.007721
0.009003
-0.007511
-0.001050
0.005762
0.020389
-0.002475
-0.013975
0.002034
0.017487
0.000801
0.004320
0.010903
-0.001373
-0.004092
0.009133
0.008790
0.006373
-0.006757
-0.008074
0.001738
0.001193
0.008328
-0.013118
-0.014526
0.012658
0.006469
-0.005492
-0.001247
-0.007999
-0.005245
-0.001288
-0.002845
-0.015127
0.010624
0.003189
-0.019478
0.007181
-0.015332
0.001056
0.008889
-0.002029
0.012087
0.019119
-0.007591
-0.010256
-0.001902
0.007172
-0.013302
0.006349
0.000659
0.012151
-0.003339
-0.006001
-0.008065
-0.015948
-0.010199
-0.003445
-0.004289
-0.000491
0.003891
0.003181
0.002117
-0.006918
0.005704
-0.006385
0.003366
-0.006293
0.011795
0.012045
0.004059
0.010266
-0.010478
0.007120
-0.000735
0.008465
-0.000730
0.012961
-0.006959
0.006170
-0.014372
0.003901
0.011176
0.006008
-0.007963
-0.003769
-0.004773
0.003648
0.006169
-0.013737
0.000733
0.007933
0.013540
0.012290
-0.003667
-0.015437
-0.009933
-0.003266
-0.001076
-0.000209
-0.004088
0.005570
-0.009166
0.010879
0.007451
-0.018891
0.006572
-0.008606
-0.003867
-0.007558
0.002063
0.006726
0.003019
0.003122
0.002147
0.004427
0.004637
0.002750
-0.002047
0.001357
0.002674
-0.007468
-0.005594
0.000181
-0.004514
0.006546
0.008821
0.008173
-0.006929
-0.013918
-0.009186
-0.006107
0.000467
-0.005659
-0.000077
0.000225
-0.001132
-0.002182
0.005339
0.020027
0.001493
-0.002718
0.015875
0.009594
-0.005051
0.005883
0.001568
0.006950
-0.008397
0.008221
-0.003344
0.004620
-0.004837
0.005564
0.001306
-0.007269
0.012124
-0.018203
0.011523
0.001193
0.009315
-0.007400
0.005560
-0.003926
-0.011924
-0.008524
-0.006583
-0.000335
-0.010588
-0.013324
-0.002869
0.004236
-0.010503
0.012065
0.011844
-0.005553
0.004690
0.010478
-0.004047
0.011675
-0.010687
-0.004156
-0.013328
-0.005785
0.000784
0.009437
-0.010753
-0.012157
-0.010467
0.008639
0.007596
-0.000836
-0.003961
-0.012560
-0.002574
-0.001756
-0.001648
0.007114
0.001156
0.003282
-0.005627
-0.011742
0.005079
-0.002006
0.003969
0.002701
0.002881
0.004822
-0.013435
-0.012018
-0.004618
0.009172
-0.004677
0.000927
-0.007752
-0.002204
-0.001341
-0.006221
-0.012100
-0.015932
0.013837
-0.000545
0.008107
-0.000796
-0.004388
-0.011176
0.015240
0.001416
0.000508
0.001617
0.001209
0.000635
0.012645
0.010185
0.000533
-0.009794
-0.002804
0.002279
-0.002004
0.007506
-0.000702
0.006921
0.001734
-0.002340
0.004458
0.008320
0.002237
-0.004487
-0.003439
-0.000778
-0.001026
0.009576
0.004353
-0.019394
-0.001214
-0.001519
0.003098
-0.011026
0.013336
0.007191
-0.003290
0.000325
-0.010141
0.005597
0.003855
-0.005934
-0.007777
0.000928
-0.000433
-0.009378
-0.012301
0.002367
-0.004843
-0.004598
-0.008368
0.003787
-0.015709
-0.012721
0.005458
0.002878
0.003510
-0.000389
-0.008051
0.001395
0.003426
-0.002331
0.009601
-0.003582
0.006341
0.017485
-0.005188
0.000436
-0.009524
0.005428
-0.008725
0.001955
-0.016166
-0.008608
-0.005433
0.002589
0.017145
0.012551
0.004862
0.001200
0.000282
-0.006262
0.000352
0.000261
0.003355
0.000954
0.011520
-0.014856
0.005772
-0.003613
-0.001103
0.003163
-0.007913
-0.015697
-0.010848
0.013815
-0.008793
-0.009841
-0.001540
0.005932
0.002354
0.000906
-0.002664
0.016107
-0.010694
0.007401
-0.007225
0.009742
-0.011545
-0.008204
0.000227
-0.008350
-0.013501
-0.000603
0.003992
0.006849
0.000705
0.016609
-0.001089
-0.000600
-0.000234
-0.009781
-0.007546
0.005357
-0.003822
-0.004974
-0.019673
-0.016133
0.003670
-0.003997
0.010553
0.006961
0.011644
0.004236
0.001426
0.001785
-0.004173
0.000178
0.012583
-0.002632
0.016198
0.004964
0.010530
0.013271
0.002354
0.011485
-0.001725
-0.004449
-0.006177
-0.003923
-0.000589
0.003301
0.015464
-0.003364
0.020256
0.008016
0.001293
-0.009081
0.001700
-0.000874
0.012176
-0.000965
-0.007276
0.004421
0.002311
0.006492
-0.000894
0.000915
0.007952
0.000574
0.006334
-0.003756
0.000859
0.000503
-0.019290
-0.006692
-0.003827
0.001309
-0.001360
0.009295
-0.001258
0.002882
-0.006391
-0.011688
0.004451
-0.006833
0.000965
-0.009055
0.003814
0.007454
-0.003013
-0.002930
-0.021670
-0.002089
-0.013068
0.000530
-0.004250
-0.000002
0.012426
0.001439
0.002982
-0.003452
0.003279
0.002464
0.002237
0.001278
-0.002616
0.007867
-0.006605
-0.002566
0.008256
-0.018694
0.009609
0.003971
-0.006620
-0.009799
-0.002379
0.001300
0.002585
-0.001435
-0.003367
0.007857
0.002756
-0.005474
0.007975
0.000926
-0.001968
0.007564
-0.006845
0.006753
-0.011399
-0.005667
0.001133
0.007743
0.011266
-0.005413
0.000845
0.006123
0.000280
-0.003621
0.000866
-0.000167
0.012586
0.002412
-0.007860
-0.004816
0.009770
-0.011589
0.016497
-0.003405
-0.007805
0.005743
0.003926
-0.003177
0.005070
-0.004520
0.006835
0.001297
0.001746
0.007399
-0.000149
-0.013086
0.016317
-0.000294
0.008045
-0.005488
0.004236
0.008766
-0.012793
0.001911
-0.000132
0.005507
0.001551
-0.009899
-0.004456
0.011901
0.001564
0.006628
-0.002716
0.000411
-0.006099
-0.005035
-0.004933
0.014996
0.003453
-0.005276
0.014373
-0.006267
0.005128
-0.004349
0.005303
0.001336
0.004416
-0.002730
0.000423
0.006875
0.008426
-0.001914
-0.010245
0.006257
-0.001078
0.003268
0.019386
0.006555
-0.008267
0.011593
-0.010484
0.007522
-0.009510
-0.005280
0.000710
-0.000592
0.010063
0.001935
0.002411
-0.000909
-0.001513
0.009028
0.000119
-0.015174
-0.002077
0.012444
-0.013048
0.000972
0.000089
-0.001409
-0.008015
-0.003766
-0.002297
0.000523
-0.009163
0.009803
-0.003779
0.009353
0.003750
-0.001524
-0.005376
-0.003771
0.018624
0.005802
0.001265
-0.009228
0.004307
-0.011028
0.001469
-0.008079
0.006098
-0.005460
0.015598
-0.003550
0.016647
0.007538
0.001125
-0.010359
-0.004649
0.008137
0.013823
-0.004609
-0.000829
0.013242
-0.001468
0.006419
-0.004427
0.014165
0.006641
0.009139
0.007361
-0.005658
0.000735
0.005680
-0.005673
-0.012745
-0.009629
0.013768
-0.014715
0.000830
-0.000008
0.000901
-0.002252
0.000530
-0.003785
-0.002722
-0.000535
0.002170
0.001319
0.009347
-0.013582
0.009076
-0.000244
-0.017268
0.003749
-0.008843
-0.008592
-0.004039
-0.001325
-0.002450
-0.002109
-0.004752
0.004928
-0.015988
-0.000470
0.006071
-0.000548
-0.005161
0.009758
-0.002988
-0.011236
-0.001075
0.016286
-0.002305
-0.003228
-0.003636
0.006205
-0.007065
-0.002619
-0.001639
0.006036
-0.000439
0.010291
0.003044
-0.002112
-0.004087
0.005696
0.000029
-0.003732
-0.018419
-0.000170
0.006221
-0.004786
-0.001429
-0.001977
0.010764
-0.006220
-0.010476
0.002695
-0.009905
0.013635
-0.011572
-0.002367
-0.000262
-0.010627
0.004695
-0.000512
-0.000152
-0.010547
0.010792
-0.003339
-0.001187
0.008352
0.002827
0.002219
0.010128
0.008116
0.013733
-0.001116
0.003509
-0.005281
-0.006306
0.006002
0.007948
0.003390
-0.005885
0.001587
0.004022
-0.000484
-0.000830
-0.001923
0.003228
-0.009944
0.003987
-0.003185
0.011444
0.008056
-0.004484
-0.009684
-0.005708
0.004225
-0.009448
-0.004133
-0.008602
0.007122
-0.001822
-0.012613
0.005021
0.002082
-0.001688
0.004190
-0.017625
-0.008208
-0.005167
-0.001940
-0.007328
0.005389
-0.001092
0.001061
0.008669
0.001122
0.007058
-0.002881
-0.014089
0.010546
0.012555
0.008082
0.001320
0.002553
0.000245
0.020623
0.005777
0.019955
-0.009804
-0.011744
0.011284
-0.002858
-0.000318
-0.010596
0.005311
0.002491
-0.009371
-0.001845
0.002494
0.011027
-0.001443
0.001265
0.013343
0.003232
0.006755
0.008864
0.004562
0.010745
-0.000748
-0.021918
0.007450
0.000162
0.004628
-0.003293
0.007050
-0.006063
-0.015546
0.009280
0.002934
-0.011512
0.003516
0.007187
0.003359
0.015111
0.004407
-0.003968
0.000383
0.003468
0.009309
0.005424
-0.004723
0.013680
-0.011768
0.005429
0.013075
-0.006207
-0.011399
0.005514
0.009833
-0.011153
0.004214
0.001144
-0.003927
-0.000399
0.016828
0.010386
-0.009751
-0.001250
0.005096
0.003404
-0.002443
-0.000412
-0.000453
-0.005583
-0.004073
0.000798
-0.000475
0.013752
-0.002778
0.014108
-0.002712
-0.000056
0.016959
-0.002436
-0.014787
-0.001991
-0.010379
0.000105
0.003993
0.012353
-0.011837
-0.006668
0.002048
0.008288
0.001589
-0.030917
-0.001189
-0.011554
0.011254
0.006254
0.000687
-0.007647
0.005669
0.011993
-0.000014
-0.005434
-0.015791
-0.007895
-0.009274
-0.000467
0.002754
0.007576
-0.006286
0.000904
-0.003094
-0.004334
0.005895
0.003918
-0.001137
0.014036
-0.002438
0.008656
-0.005380
-0.006050
-0.006509
0.008170
-0.009593
-0.012671
0.001036
-0.012868
0.003267
0.013380
0.009715
0.007992
-0.005095
0.006828
0.002546
-0.006298
0.014765
0.009025
0.007470
-0.003842
0.010397
-0.012908
0.001983
0.014509
0.000462
-0.012047
0.004491
-0.010026
-0.005385
-0.008284
0.005541
0.000103
-0.002043
-0.006737
-0.008203
-0.008340
-0.003509
-0.012028
-0.000122
0.011676
-0.002159
0.002938
0.007392
-0.004054
-0.010206
0.011537
-0.010386
-0.001602
-0.000250
-0.006500
-0.008624
0.006884
-0.004310
-0.000339
-0.014808
-0.016462
0.011771
0.009250
-0.009407
-0.003634
0.002285
-0.001639
0.008515
0.008499
0.008097
-0.009349
-0.003779
0.003646
0.006590
0.000241
0.000993
-0.003332
-0.005352
0.004737
-0.014436
-0.007361
0.008420
0.001175
-0.001251
0.008825
0.007434
0.000326
0.011396
0.003670
0.015998
-0.004820
-0.000360
-0.003031
-0.016481
-0.012911
0.001460
-0.002275
-0.006329
0.001978
0.000380
0.009813
0.006807
-0.005957
-0.004522
-0.003690
-0.009293
-0.001747
0.000458
0.007607
0.005429
-0.001151
0.001678
0.005431
0.007345
-0.011264
0.010907
-0.000492
0.001255
0.010148
0.003909
-0.004921
-0.013232
-0.009650
-0.008896
0.003544
0.000602
0.005869
-0.012847
0.002172
0.000310
0.009047
-0.002450
0.010039
0.002770
-0.001158
0.005004
0.007502
-0.004445
-0.008137
0.009409
0.006974
-0.002221
-0.017364
0.002109
0.005350
-0.017744
-0.005310
-0.001951
-0.008917
0.007249
0.005859
-0.008022
0.000555
-0.001299
0.015700
-0.000534
0.000690
-0.003841
-0.006416
-0.000628
-0.003581
0.008591
-0.010553
-0.001280
-0.006247
-0.008410
-0.004282
-0.009843
-0.006648
-0.018580
-0.003421
-0.000864
0.000665
0.010476
0.018740
-0.005078
-0.004174
0.002272
0.007842
-0.009397
0.010411
0.000467
-0.009872
0.027770
0.024008
-0.000041
0.003723
-0.008040
-0.000087
-0.005344
-0.007663
-0.009801
0.002817
0.003419
0.006339
0.018276
-0.006190
0.006420
-0.001244
0.003504
0.002816
-0.002655
-0.001082
0.011896
0.019818
-0.006635
-0.007523
-0.008275
0.014231
0.001782
-0.010369
-0.013351
-0.010366
0.013164
-0.000503
-0.004438
0.009175
-0.000497
-0.004711
0.001453
-0.008625
-0.003844
-0.014835
0.001703
-0.014227
0.004844
-0.000952
-0.007073
0.007302
0.000934
-0.004408
0.012772
-0.006291
-0.000224
0.004960
0.015804
0.000135
0.007322
0.006252
0.010116
-0.001470
0.005227
-0.000741
0.001447
-0.013822
-0.004841
-0.009131
0.000234
-0.004632
0.010905
-0.001850
0.004169
0.012119
-0.010090
-0.003829
-0.001464
-0.000536
0.009496
-0.004337
0.002800
-0.007119
0.000374
0.005582
0.007367
-0.003966
0.000532
-0.008095
-0.005817
-0.017739
0.016484
-0.000777
0.000533
-0.005379
-0.000540
0.004755
0.004040
-0.010294
0.004612
0.006892
-0.002330
0.019376
0.014599
-0.008643
0.000105
-0.013989
0.000569
0.005284
0.016783
-0.006685
-0.007165
0.007343
-0.014826
0.005714
0.012250
-0.011393
0.010010
-0.005305
-0.007124
0.003465
0.005117
0.012873
-0.014609
0.002560
-0.007258
0.008014
0.009131
0.000715
0.006494
-0.003565
-0.000188
-0.010470
-0.002296
-0.001969
-0.005643
-0.011722
0.007576
0.011369
0.011024
-0.010288
0.004685
0.008002
0.000331
0.004925
0.008427
-0.001784
0.017169
0.006455
0.007626
-0.003745
-0.000489
0.002693
0.002259
0.006643
0.002545
-0.000107
-0.008226
0.001459
0.005234
0.005383
-0.003216
-0.007766
0.000573
0.005048
-0.003797
0.000351
-0.009906
0.009160
0.000444
-0.006408
-0.000830
-0.007530
0.004341
-0.004942
0.010964
0.007516
0.000578
-0.004120
0.009522
0.009872
0.003422
-0.001904
0.001768
-0.003837
0.012217
-0.007381
-0.008721
-0.004407
0.008597
-0.005902
-0.015222
0.001662
-0.023702
0.000663
-0.005274
0.008147
-0.000561
0.001231
0.005580
-0.000490
0.012002
0.000180
0.001879
-0.014666
0.000103
-0.004376
-0.004134
-0.001634
-0.006449
0.001320
0.002060
-0.009227
-0.004515
0.005763
-0.002831
0.009545
-0.004981
0.006222
-0.007132
-0.011335
0.000292
-0.016302
-0.018469
-0.001538
0.010091
-0.002717
0.009067
0.002026
-0.005266
0.008119
-0.007026
-0.004745
-0.008261
0.008981
-0.017597
-0.000750
0.000014
-0.005663
-0.023344
0.010256
0.003725
-0.005461
0.018575
0.007012
-0.009836
-0.000353
0.014464
0.005028
0.010328
0.015642
0.000362
-0.010962
-0.007173
0.002242
0.004373
0.001607
0.000022
-0.000357
0.005356
0.000951
-0.002064
0.005846
0.002760
-0.001501
0.006849
0.006996
-0.015110
0.011524
-0.000440
0.006552
0.001003
0.006689
-0.008979
0.004848
0.016232
0.006370
-0.012511
0.001014
-0.006365
0.008723
-0.002859
0.007758
0.009762
0.003249
-0.006917
0.008962
0.009956
-0.016015
0.007750
-0.002804
-0.018362
-0.010798
-0.016309
0.003100
0.000476
0.006581
-0.014266
0.000340
-0.000281
0.005946
-0.000694
0.000781
0.002784
-0.003799
0.002209
0.001001
0.006513
-0.002729
-0.000119
-0.007357
-0.010063
-0.002817
-0.010501
-0.001694
-0.004408
0.012767
-0.008329
0.002010
0.012133
-0.001484
-0.008244
-0.007144
0.003266
-0.002704
-0.000661
-0.000431
0.007940
-0.006107
-0.006436
0.010097
-0.006771
0.012669
0.007669
-0.009914
-0.010237
-0.005541
0.002507
0.007176
0.007758
-0.004614
-0.002069
0.010978
0.000940
-0.012207
-0.007759
-0.002838
0.006454
0.002579
0.022844
0.001121
-0.005954
0.012636
0.000923
0.006270
-0.001186
0.005728
0.002594
-0.000663
0.000587
-0.009067
0.007105
-0.004124
-0.008842
-0.002584
-0.005966
0.009348
0.002683
-0.000676
0.008297
-0.000890
-0.021987
-0.003261
-0.007581
0.003067
-0.003084
0.002981
-0.002338
-0.000501
0.001382
-0.006137
0.001308
0.002444
0.015822
0.001526
0.009218
-0.003531
-0.020020
0.003124
0.002468
0.007489
-0.006387
-0.011392
0.014180
-0.008479
0.014347
-0.004833
-0.004631
-0.005730
-0.014958
0.002792
0.002759
0.001805
-0.008045
-0.005086
-0.006488
0.001222
-0.012955
-0.015451
0.003356
0.010131
0.005819
0.009581
0.013459
0.004095
0.008555
-0.006101
0.007909
-0.003250
-0.008551
0.001490
0.002490
0.000545
-0.006475
0.000747
-0.001976
-0.010524
-0.003389
0.000799
0.001337
-0.002805
-0.004039
0.001028
-0.003651
0.001510
0.009970
0.002654
0.001089
-0.007504
0.003636
0.019857
0.004055
-0.002842
0.014387
-0.000857
0.003590
0.013145
0.004542
-0.002229
0.004297
-0.008751
-0.003931
-0.007922
-0.002400
-0.004849
0.006772
0.013390
-0.006222
0.000707
-0.000354
0.004274
0.006397
0.020360
0.009101
-0.002051
0.002806
-0.001984
-0.007222
0.011980
-0.001714
-0.010138
-0.008580
-0.009224
-0.000424
0.013431
0.000630
-0.000391
0.005284
0.003058
-0.004589
0.007682
-0.003208
-0.025916
-0.007217
0.013201
0.004336
0.003565
-0.001217
0.013593
0.012149
0.000506
-0.006849
0.009903
-0.000479
-0.001844
-0.013860
-0.011023
-0.010501
0.006791
0.002105
0.006889
0.001787
-0.007799
0.006333
-0.003257
-0.000620
-0.007191
-0.007247
-0.002724
-0.013118
-0.006591
0.000870
0.011337
-0.005842
0.001796
0.002545
0.000402
-0.002686
-0.014055
0.000654
-0.005625
0.002030
0.003033
0.003885
0.007585
-0.009836
0.004170
-0.001072
0.000980
0.000657
0.005981
0.003351
-0.004206
0.002926
-0.001812
-0.011133
-0.006731
-0.007062
0.004118
0.005343
-0.005194
-0.001110
0.009354
-0.006375
-0.012169
-0.009092
-0.000599
-0.004744
0.001074
-0.007618
0.008758
-0.005005
-0.003167
-0.007221
0.008342
0.000880
-0.013275
-0.004287
-0.007822
-0.006816
0.016281
-0.009020
0.001864
0.004954
-0.001495
-0.002465
-0.000827
-0.008750
-0.004075
-0.003131
0.019454
0.020043
-0.008484
0.000183
-0.003160
-0.001082
0.000564
0.002381
-0.001933
-0.004470
-0.013824
0.003263
0.001807
-0.000490
-0.005918
0.008335
0.003926
0.007293
0.004495
-0.003341
0.001994
0.005692
-0.005107
0.008951
0.000503
0.009744
0.009165
0.006855
-0.006294
0.002514
-0.015973
0.004472
-0.004322
-0.002005
0.000630
-0.000511
0.000597
0.005777
0.005460
0.004157
-0.002237
-0.010111
-0.000875
-0.000945
0.000693
-0.002963
-0.009337
0.005008
0.004284
0.004525
-0.007196
0.002642
0.003017
-0.005963
-0.010398
-0.000204
-0.001056
0.001996
-0.004902
-0.007920
-0.002228
-0.009853
0.001611
-0.001540
0.005207
-0.001115
-0.003835
0.009638
0.006495
-0.005079
-0.004104
-0.006965
-0.001834
-0.002880
0.006017
-0.011244
0.016168
-0.004771
0.002543
0.006414
-0.002962
0.005369
0.011028
-0.001513
0.004581
-0.003891
-0.011449
0.000838
0.005915
0.010255
0.012239
-0.005879
0.011277
-0.012778
-0.019402
0.005745
0.010270
-0.001213
0.001017
-0.005492
-0.004865
-0.014533
-0.007210
0.005111
-0.001338
0.004283
-0.015577
0.009581
0.001597
-0.010620
-0.004438
0.007121
-0.005912
-0.022539
0.003356
0.003374
0.001976
0.001804
-0.011815
0.002659
-0.009336
0.004381
0.008834
0.001217
-0.020772
0.002618
-0.006884
-0.000844
0.004385
-0.000294
-0.002631
-0.001623
0.006566
0.005565
-0.004564
0.002118
0.015070
0.007363
-0.003982
0.000248
-0.003530
-0.005785
-0.011489
0.003422
0.000339
0.005412
-0.005409
0.000367
-0.003833
0.002107
-0.005930
0.002907
0.014285
-0.002914
0.015458
0.009138
0.007364
-0.011795
-0.001864
0.002639
0.005283
0.000322
0.007348
0.009743
0.000742
-0.013178
0.008206
-0.002520
0.006620
-0.002714
-0.003622
-0.005203
0.007636
0.001675
-0.005759
-0.007341
0.002016
0.004142
0.004647
-0.004725
0.010220
0.014966
-0.003164
0.004181
0.011186
-0.004785
0.002903
-0.000889
-0.001077
-0.003838
-0.008596
0.005428
0.002530
-0.011015
0.011404
0.007601
-0.009423
-0.003839
0.008105
0.010223
-0.006493
-0.004405
0.009149
0.006018
0.014899
0.000490
-0.007845
-0.000533
-0.001352
-0.003581
-0.003988
0.006173
0.013331
-0.011433
-0.005526
0.010440
-0.002488
-0.006459
-0.008666
0.010026
-0.000268
0.000337
-0.014871
0.003779
-0.008527
0.004652
-0.000233
-0.009887
0.006558
-0.007104
-0.003882
-0.008855
-0.010695
0.005714
-0.004338
-0.001173
0.008543
-0.001342
-0.009976
0.005533
0.001922
0.012749
-0.003157
-0.004127
-0.005453
0.007931
-0.005667
0.002810
-0.007262
0.017551
-0.012226
-0.004391
0.012999
0.001672
-0.003187
-0.010614
-0.002770
0.022671
0.008138
-0.011500
-0.000532
-0.001315
0.013269
-0.007622
-0.002643
-0.004291
-0.000168
-0.017682
-0.007131
0.006040
0.015221
-0.000892
-0.009434
0.002532
-0.006547
0.000432
-0.000834
-0.008435
0.008370
-0.015659
-0.010482
0.013155
0.001088
-0.008173
0.001324
-0.010172
-0.017137
0.008020
0.013090
0.011065
-0.006070
0.004347
-0.012800
-0.011654
-0.009196
-0.002080
-0.002822
-0.003702
-0.004688
0.001883
-0.012521
0.000089
-0.001282
0.007284
0.005931
-0.010819
-0.003983
0.003243
-0.011700
0.000812
0.001764
-0.002342
-0.010536
-0.001041
0.001362
-0.010301
0.002074
-0.001777
0.010073
-0.001102
0.004362
0.012221
-0.005444
0.000239
0.006570
-0.012672
0.002799
-0.001511
-0.012090
0.012893
0.001799
-0.005181
0.011940
-0.006400
-0.008838
0.011232
-0.000175
-0.007160
-0.011634
0.009309
0.000715
0.008957
0.005270
0.006203
-0.005069
0.000834
-0.010777
-0.002232
0.000792
-0.010273
0.003542
-0.007055
0.006928
-0.004251
-0.013579
-0.002560
-0.010503
-0.006513
-0.008155
0.013316
-0.010626
-0.002879
-0.011375
-0.004379
-0.010007
0.000267
-0.002491
-0.008754
-0.009568
0.010017
-0.002232
0.005955
-0.000129
0.007020
0.001031
-0.000104
0.002104
0.009515
0.000584
0.008822
0.009183
0.004663
-0.000902
0.019652
0.002230
-0.002355
0.002886
-0.000841
0.005449
0.006870
-0.012358
0.006921
-0.007948
0.012669
0.008752
-0.007809
-0.001997
0.002302
0.003994
0.003488
0.017138
-0.002207
0.007625
-0.000214
0.001181
-0.013213
0.006539
0.004713
0.000322
0.006349
0.007350
-0.006713
0.007549
0.011017
0.001431
0.012826
-0.009456
-0.011986
-0.011816
0.001533
-0.006098
0.006605
-0.007145
-0.005173
0.008069
-0.006353
0.016827
-0.008196
-0.008500
-0.009144
-0.003828
0.011779
0.004284
0.005189
-0.000460
0.001377
-0.010736
-0.011509
0.011549
-0.005052
0.010958
0.000879
0.000300
0.003134
0.004002
-0.000193
-0.006911
-0.006777
-0.009227
-0.003390
0.003302
0.002341
-0.010311
0.001073
-0.018700
-0.003385
0.001375
-0.000199
0.014556
-0.001913
-0.008124
0.009665
-0.005239
-0.009338
0.005570
0.006049
-0.008064
-0.002984
-0.004515
-0.005561
0.022803
-0.000406
0.003964
-0.006941
-0.009138
0.006240
-0.002117
-0.000395
-0.003668
0.011060
0.004877
-0.012437
0.003417
-0.004682
0.002312
-0.007760
0.001526
0.000012
0.005295
0.018624
-0.006531
0.003316
0.007260
-0.004783
-0.005156
0.008390
-0.007744
0.003640
0.001403
-0.002402
0.006549
-0.007382
-0.003032
-0.005874
0.005326
0.017219
0.008403
-0.004708
0.008259
-0.008188
-0.010118
-0.007418
-0.005659
0.009223
0.006891
0.006653
0.005683
-0.010842
0.002800
0.000990
0.006201
0.006519
-0.001709
0.000097
0.007910
0.000782
-0.013195
-0.005801
0.010885
-0.004725
0.014413
-0.004482
-0.012999
-0.011828
0.008606
0.008110
0.001266
0.003916
-0.009616
-0.001682
-0.001481
-0.019600
0.005920
-0.000370
-0.006333
0.002447
0.000652
-0.000671
0.004413
-0.009218
-0.002527
-0.007005
0.000048
-0.007087
-0.008350
-0.010704
0.001567
-0.006016
-0.014179
0.004952
-0.003897
-0.005795
-0.000915
0.003252
0.011400
0.012787
-0.008301
0.002322
-0.010884
0.005993
-0.010259
-0.003142
-0.006288
0.010678
-0.004041
-0.002564
-0.005020
0.001407
-0.013074
0.007402
-0.014639
-0.012320
0.004611
-0.005135
-0.000327
-0.007196
0.011728
-0.006989
0.001117
-0.005984
-0.001093
0.003258
-0.005047
-0.004134
0.005062
-0.004464
0.004308
-0.006479
-0.003538
0.007145
-0.011061
-0.005198
-0.005180
0.004619
0.010301
0.001520
-0.008357
0.008297
-0.004474
-0.003557
0.001623
-0.003757
-0.000031
-0.006883
-0.008758
-0.004683
0.000790
-0.003011
0.005003
0.008077
-0.006652
-0.014160
-0.003014
0.011186
-0.003012
0.005756
-0.001785
-0.019057
0.015904
0.005788
0.009306
-0.007026
0.003297
0.000417
-0.016813
-0.011598
-0.000280
0.009979
-0.008667
-0.013589
-0.020509
0.000721
0.011931
-0.013367
-0.005436
0.003908
0.005983
0.020383
-0.002135
0.005233
0.004040
-0.001374
-0.014735
-0.000661
0.007567
0.009746
0.006761
-0.006789
-0.001787
0.006141
-0.003702
0.000461
-0.009532
-0.002664
-0.001901
0.012795
-0.004212
0.015296
-0.003419
0.003719
-0.017793
0.003130
-0.007680
0.001953
0.001548
-0.011445
0.000519
-0.014112
0.000421
-0.007989
0.007176
-0.002924
0.004879
0.001406
-0.009087
0.009403
0.000066
0.001154
0.001627
-0.000424
-0.001123
0.008762
-0.001500
-0.003844
0.006866
-0.006901
0.012536
0.003440
0.003327
-0.011424
0.000423
-0.007223
0.002905
-0.002103
-0.006271
0.005149
-0.009573
-0.017421
-0.000171
-0.000080
-0.009228
-0.020871
0.002614
-0.001879
-0.002386
0.004872
0.005863
0.012735
0.002811
-0.002051
-0.000515
0.001697
0.005561
0.004202
-0.001454
-0.005949
0.016210
0.005958
-0.013321
-0.002374
0.011704
0.004723
-0.021580
0.001191
-0.000915
0.002778
0.008211
0.005341
-0.007550
-0.012240
-0.006203
-0.000619
-0.004518
-0.005228
0.008129
0.000647
-0.015202
-0.011859
0.023853
0.005166
-0.003404
0.002094
-0.017755
0.004165
-0.010549
-0.001656
0.007859
-0.009089
-0.005341
0.010286
-0.000787
-0.003210
-0.003318
-0.005151
0.005564
0.007179
-0.011772
0.001306
-0.003012
0.011436
-0.008253
-0.009375
-0.011613
0.010188
0.007890
-0.008412
0.012139
0.012224
0.003984
0.016501
0.010354
-0.003381
0.003085
-0.014971
0.005488
-0.010265
-0.010498
0.002507
0.001878
-0.006375
0.012024
0.006093
0.001423
0.000919
-0.009400
0.008139
-0.004098
-0.009452
0.003554
-0.009064
-0.003273
0.004475
-0.006127
-0.003538
-0.003728
-0.009161
0.002305
0.005297
0.002619
0.011829
0.012028
0.004944
0.004250
0.005276
0.005483
0.000717
-0.005815
0.003635
-0.004704
0.007072
-0.012882
0.005345
0.001972
0.014342
0.018053
0.007565
-0.000076
0.006842
-0.004378
-0.005949
-0.004031
0.001671
0.009506
0.007607
-0.012645
-0.013258
-0.010633
-0.006448
-0.007260
0.014643
0.006189
-0.000625
-0.007393
-0.012629
-0.008101
-0.001080
0.005271
-0.008710
-0.001707
0.001572
-0.019860
-0.005108
-0.010545
0.016145
-0.005296
0.008772
0.000631
0.001205
-0.002049
-0.003932
-0.009246
0.000746
-0.001699
-0.000515
0.002278
0.001972
-0.004120
0.001475
-0.003485
-0.006752
-0.003610
-0.003308
-0.002660
-0.003885
-0.004653
0.005376
-0.018263
-0.010402
0.014672
0.006269
0.010146
0.003427
-0.002655
0.001569
-0.005492
-0.001262
0.006570
-0.002927
-0.000984
0.003044
-0.007551
-0.003949
0.004278
0.003076
0.013733
-0.006665
-0.008971
-0.003389
0.002309
-0.002744
-0.005918
0.002299
0.002115
0.008704
0.003724
0.002701
0.014101
0.001804
-0.004136
0.010731
0.011520
-0.007330
0.009216
-0.004256
0.005584
0.000597
0.009748
-0.004450
0.007276
-0.001421
0.012439
-0.004359
0.002906
-0.013109
-0.000919
0.002758
0.004097
-0.000904
0.010201
-0.002782
-0.001089
0.002130
-0.011764
0.002790
-0.004645
-0.003648
-0.003807
-0.012897
0.008476
-0.005272
0.001375
0.004316
-0.009509
-0.000005
-0.007987
-0.015137
-0.006285
-0.001885
-0.009551
0.024323
0.006697
-0.002175
-0.011079
-0.008721
0.007860
-0.005446
0.008348
-0.008645
-0.012997
0.003609
0.003590
-0.002930
-0.001812
-0.001809
0.006501
-0.010329
-0.004235
0.000842
0.003618
0.006582
0.013654
-0.002607
-0.007923
0.000135
-0.001030
0.008831
0.001406
-0.011656
0.000486
0.004305
-0.003620
-0.006115
-0.014259
-0.000815
0.000042
0.007044
0.000049
-0.012037
0.004701
-0.004750
0.002565
0.000200
-0.012166
-0.003092
0.006461
-0.004229
-0.000430
-0.002193
0.008715
0.004152
0.013851
0.002116
-0.012086
-0.019978
0.001974
-0.001572
0.002129
0.008408
0.007607
0.010863
0.006730
-0.011140
-0.014642
-0.002238
0.000394
-0.011122
0.001680
-0.005332
-0.004208
-0.001653
0.000082
0.003750
0.002132
0.014013
-0.002238
0.010879
-0.001285
0.004984
-0.015565
-0.010317
0.012565
0.010391
-0.010180
0.003574
-0.001016
0.007905
0.005572
0.000578
-0.002870
0.001450
0.006115
-0.002687
0.005113
-0.007928
-0.007175
0.004709
-0.000356
0.003999
0.012912
0.004224
0.026147
0.007850
0.012274
-0.005496
-0.011455
0.002847
0.004135
0.014404
0.010430
-0.004337
0.005897
0.000865
0.007983
0.010582
0.007435
0.009911
-0.004946
-0.001580
0.002974
-0.001264
-0.004224
-0.012969
0.010002
-0.003600
0.015202
0.007512
-0.000733
-0.011752
0.006718
0.002292
-0.010805
-0.004298
0.001521
0.000674
-0.001953
0.001715
0.011249
0.011043
0.001219
0.004257
-0.019547
-0.012866
0.010570
0.002233
-0.001963
-0.003289
-0.002125
0.001399
0.014356
0.000257
-0.008360
0.010992
0.004003
0.000961
-0.000584
0.005880
-0.013514
-0.001666
0.005589
-0.008827
0.002801
-0.000322
0.004952
-0.005256
-0.001249
-0.002977
-0.025972
0.000155
-0.004385
0.002620
0.014659
0.002486
-0.002358
0.001787
-0.001397
0.004174
-0.005482
0.016809
-0.005371
-0.014770
0.006053
0.004501
-0.008305
-0.013416
0.003533
0.006445
0.008190
-0.001077
-0.009336
-0.010211
-0.000801
-0.002350
-0.002454
0.000539
-0.002180
-0.003641
-0.010375
-0.006718
0.021303
-0.010763
-0.010606
-0.000345
0.011996
0.002866
-0.010173
0.010796
0.001518
-0.000936
-0.001678
-0.002130
-0.005559
-0.004147
-0.013803
0.014687
-0.000192
0.002585
-0.002121
0.002866
-0.003078
0.007806
0.010595
0.004141
0.004645
0.000197
0.001193
-0.006585
-0.009111
-0.006033
-0.006224
-0.004664
0.003719
-0.003381
0.002564
-0.019224
-0.004592
0.008982
0.005928
0.011143
-0.003206
-0.004363
0.005188
0.002638
-0.007876
-0.010950
-0.004761
0.004053
0.003457
-0.003886
-0.001272
-0.008419
-0.009809
0.013433
-0.000441
0.014546
-0.007796
0.002154
0.004214
-0.007154
0.005811
-0.007752
-0.005297
-0.014500
-0.005818
0.011277
0.017782
-0.004494
-0.006798
-0.001362
-0.001398
0.001289
-0.002336
0.016485
-0.010088
-0.007640
0.008541
-0.012480
0.001731
-0.009268
0.002563
-0.003357
0.003270
-0.001415
-0.000008
0.016103
0.002532
0.003647
-0.007812
0.013520
-0.009910
-0.012400
0.010869
0.013410
0.002194
-0.008791
-0.009351
-0.006833
0.001333
0.001842
0.003432
0.015501
-0.004496
0.010964
0.000289
-0.005014
-0.003644
0.003103
-0.009758
-0.009166
0.002941
-0.001295
0.013933
0.003985
-0.004885
0.004741
0.003583
-0.010095
-0.001459
-0.000629
0.003119
0.001867
-0.000514
-0.002726
-0.021183
-0.011578
0.005483
-0.009460
-0.001204
0.001733
0.001987
0.007496
0.018981
-0.006311
-0.005543
-0.018496
0.000288
0.000510
-0.000925
0.004412
-0.000994
0.008601
-0.009044
-0.006806
-0.001577
0.002111
0.009787
-0.004893
-0.012255
0.005337
0.005023
-0.007393
0.003155
0.000763
0.001429
0.000464
0.003605
-0.001863
-0.010363
-0.004372
0.002738
0.010689
-0.002840
-0.022593
-0.007675
0.004266
-0.004551
0.003318
0.007565
-0.003124
0.008875
-0.002562
-0.004059
-0.017929
0.004162
-0.010350
-0.003361
-0.008955
0.004112
-0.001183
-0.005795
-0.005819
-0.004014
0.013488
-0.005054
-0.008141
-0.001639
-0.003459
-0.001391
0.003034
-0.003795
0.007045
-0.000989
0.002323
-0.000345
-0.011653
0.005229
0.006612
-0.014208
-0.000057
0.002120
-0.002186
0.002616
0.000972
-0.005262
0.010522
-0.004789
0.014754
0.002931
0.017171
0.011360
0.002387
-0.003238
0.007652
-0.011392
0.005791
0.006419
0.008904
0.002445
0.002765
-0.005884
-0.010555
0.000168
-0.007461
-0.014761
-0.008153
-0.001886
0.000235
-0.010627
0.004419
-0.019244
-0.004990
0.011328
0.005364
-0.006319
0.000108
0.007520
-0.005403
0.009802
0.002362
0.003173
-0.004412
0.008248
0.009373
-0.003319
-0.019225
-0.008894
-0.011977
0.005616
0.007302
0.003059
0.011038
-0.001822
-0.000648
-0.007084
0.013950
-0.001560
-0.011194
0.001401
0.008225
-0.006919
-0.004639
0.007051
0.015301
0.002955
0.011718
0.004263
0.011274
-0.004429
-0.000440
-0.015112
-0.004350
-0.000876
-0.002482
-0.008744
-0.007020
-0.009130
0.015145
0.004933
0.009590
-0.006619
-0.005422
0.005470
-0.004500
-0.000215
-0.009952
0.011961
0.003333
-0.005590
0.003141
0.003221
0.004936
0.015862
0.001907
-0.003886
-0.000966
-0.002520
-0.001910
0.001114
0.010741
0.001449
0.010025
-0.000937
0.002104
0.000143
0.010074
-0.000438
-0.005306
0.004672
-0.004717
0.004521
0.007247
-0.007248
0.016467
0.009333
0.000524
0.000389
-0.001958
-0.009770
-0.001213
-0.001140
0.004277
-0.008527
0.000517
-0.001839
-0.002960
0.003710
0.005440
0.003068
0.002597
-0.000198
0.001205
-0.001008
0.006060
0.000600
-0.000845
0.005177
0.000279
-0.013938
0.011190
-0.006101
0.002886
0.007195
-0.007720
0.001722
-0.005788
-0.005280
-0.015391
-0.009644
-0.005784
0.003235
-0.010725
0.019096
-0.001897
-0.005908
-0.004353
-0.010268
-0.000149
-0.007191
-0.006816
0.012499
-0.000116
-0.011197
0.002680
0.000365
-0.010582
-0.008500
-0.006249
0.010878
0.005521
-0.000599
-0.012856
0.010759
-0.005749
0.004055
-0.012579
-0.006400
0.006381
0.010384
0.000098
0.002789
-0.006102
0.009936
-0.000255
0.020867
-0.007686
-0.004998
-0.004705
0.007051
-0.010930
0.003775
-0.008355
-0.001694
0.000122
-0.007816
0.005892
-0.008544
-0.000580
-0.007189
-0.002309
-0.005231
-0.002776
0.005215
-0.005147
0.000898
-0.008106
-0.009315
0.002052
-0.013273
-0.002635
-0.003461
0.002939
-0.003311
0.010512
0.002519
-0.006447
0.005963
0.009339
-0.001752
-0.003165
0.002610
0.008457
0.009394
0.004576
-0.003049
0.002076
-0.002867
0.000595
-0.007468
-0.005796
-0.006942
0.001606
0.003024
0.000030
-0.003808
0.002484
0.009787
-0.012195
0.010404
0.005714
-0.011844
-0.003551
-0.000463
0.006826
0.008807
0.001787
0.001051
0.003502
0.008726
-0.005206
-0.001860
0.008557
0.012866
0.009772
0.005539
-0.002325
0.012006
-0.006090
-0.003821
-0.004842
-0.008165
-0.004347
0.003178
-0.000641
0.010744
0.013542
-0.002057
-0.008452
0.010735
-0.003030
0.003512
-0.001852
0.002018
0.005625
0.007180
0.011000
-0.002750
-0.003711
-0.014777
0.002276
-0.001095
-0.007364
-0.004082
-0.008233
0.015240
-0.009760
-0.004990
-0.001570
0.009963
-0.004475
-0.002063
-0.000827
0.013273
-0.004209
0.011678
0.003547
-0.000997
-0.008805
0.005607
-0.007362
0.009079
0.015824
0.001559
0.004019
-0.006687
0.008821
0.009747
0.002842
0.010758
0.007741
0.008595
-0.000681
0.005135
0.010075
-0.006654
-0.000783
-0.003727
-0.004591
0.019212
-0.003899
-0.000773
0.002225
-0.000623
0.000681
0.000950
-0.007282
-0.007450
-0.001425
-0.007790
0.004568
-0.004204
0.006854
-0.005902
-0.006495
-0.015991
0.010265
-0.004214
0.003324
0.005011
-0.005261
-0.000627
-0.015922
0.019017
0.003364
-0.002416
0.001093
0.003834
-0.012218
-0.001369
-0.009159
-0.000340
-0.001521
-0.005939
-0.000607
-0.006770
-0.004793
-0.004092
-0.004388
0.002435
0.000176
-0.003776
0.000140
0.004407
0.009089
0.001483
-0.002379
-0.003995
-0.007014
0.001753
-0.002944
0.015233
0.002176
0.000643
0.006522
0.000731
-0.009429
0.005650
-0.005209
0.002084
-0.004064
0.006933
0.011742
-0.002778
0.005293
0.002274
-0.004712
0.013211
0.003222
0.005977
0.004539
-0.004053
0.001184
0.006327
-0.012379
-0.001170
-0.001430
0.000293
0.001015
0.019704
-0.003062
0.004642
-0.004052
-0.015779
0.000152
-0.012156
0.009455
-0.007626
0.007375
-0.001080
-0.007420
0.002705
0.001239
-0.006408
0.020155
-0.013458
-0.005973
0.020309
0.004866
0.004645
0.013236
0.012916
0.003801
-0.004998
0.013070
0.008001
0.004176
0.001116
0.002114
-0.005065
0.004027
-0.003236
0.012981
0.001464
0.006587
-0.007817
-0.005134
0.010960
0.012629
0.012516
0.000420
0.003433
0.004147
0.011863
0.005073
-0.007101
0.000228
-0.005605
-0.008242
0.002543
-0.003084
0.009850
0.008573
0.000384
0.000167
0.009697
0.003208
0.010837
-0.002800
0.000365
0.001746
-0.004870
-0.005291
0.002138
-0.002032
-0.003373
0.012135
0.001820
-0.005523
0.009232
-0.003143
0.023606
0.017418
0.002995
0.002672
0.002931
-0.011468
-0.004180
0.000689
0.002784
0.005423
0.002136
0.008470
0.010432
0.008733
0.001495
-0.008593
-0.022179
-0.008369
0.009049
-0.000257
0.010957
-0.003993
0.008933
-0.001160
-0.008833
0.008053
0.004687
-0.005488
0.009388
-0.002528
0.005754
0.000274
-0.004426
-0.001917
0.000465
-0.014298
0.003116
0.008743
-0.001734
-0.012145
0.003799
0.007061
0.004007
0.002432
0.011962
0.001621
0.003217
0.006428
0.001145
-0.000434
0.025486
0.003479
-0.001828
-0.003975
0.005212
-0.008570
-0.001245
-0.000479
0.005609
-0.012830
0.006988
0.007550
-0.003414
0.006085
0.011227
0.004826
-0.003575
0.005180
0.003101
0.002818
0.003096
0.006047
0.008119
-0.007508
-0.004929
0.002846
0.011645
-0.005412
0.003298
0.005204
0.012003
-0.006882
-0.005455
-0.008044
0.005190
-0.008128
0.007592
-0.000993
0.011643
0.001157
-0.011150
0.002835
0.006972
0.019831
0.009543
0.008413
-0.015311
-0.011501
0.013286
0.003824
0.008589
0.013174
-0.005136
0.011822
0.013419
0.009780
-0.000705
-0.001327
-0.011491
-0.008421
0.000136
0.003340
-0.005585
0.005448
0.000590
-0.009286
-0.001342
0.010327
-0.005369
-0.000839
0.000968
-0.008584
-0.004844
0.009872
-0.011461
-0.012677
-0.003451
0.004032
-0.001424
0.007233
0.003502
-0.010683
0.002137
-0.000512
-0.005180
-0.002799
-0.001473
0.002420
-0.002600
-0.011668
-0.010619
-0.008698
-0.001444
-0.007371
0.005890
0.004357
-0.005224
-0.006800
-0.016003
0.005923
0.004594
-0.008503
0.002015
-0.004370
0.015965
0.003930
-0.005011
0.009506
0.014267
0.009131
0.004473
-0.000428
-0.006580
-0.003653
0.006854
0.001237
-0.005774
0.002697
-0.001082
-0.004889
-0.000597
-0.005482
0.004541
-0.017155
0.003192
-0.018452
-0.005814
-0.020353
-0.004414
-0.000976
0.001880
-0.005062
-0.002205
0.000175
-0.007692
-0.013444
0.011942
-0.005432
-0.011722
0.007500
-0.004456
-0.001822
-0.004571
0.000048
0.000768
-0.007784
0.006422
0.011430
-0.010926
0.000765
0.004749
-0.000645
-0.006116
-0.015169
0.000976
-0.009607
-0.006997
-0.003446
-0.004495
-0.007856
-0.004872
0.010099
0.008458
-0.005441
0.005603
0.007156
0.002366
-0.013952
0.007661
-0.003026
0.006493
-0.004536
-0.001523
-0.007109
-0.000559
0.010723
0.005041
-0.016089
0.011162
0.000377
-0.013894
0.003487
-0.006902
-0.000961
-0.003536
-0.004967
-0.002125
-0.005091
0.004152
-0.005490
0.003637
-0.002577
0.000348
0.004916
0.001033
-0.005219
-0.011880
-0.002998
-0.011577
0.019960
0.011980
-0.001275
-0.003927
-0.007911
0.013033
-0.001529
0.001967
-0.000361
-0.000137
0.000577
-0.013321
0.000101
0.001971
-0.003945
0.003548
-0.010574
-0.001383
-0.005141
-0.007091
0.011364
0.004385
0.005553
0.011813
-0.008287
-0.002755
-0.002812
-0.007830
-0.003272
-0.000852
0.003226
-0.012473
-0.004687
0.006159
-0.012414
-0.004350
0.005926
-0.006235
-0.008084
0.002532
-0.003197
-0.000828
0.010221
0.006270
-0.013708
0.013110
0.009961
-0.005159
0.004509
-0.010342
0.009074
-0.004100
0.005777
-0.001737
-0.002868
-0.007587
0.000951
-0.005411
-0.012084
0.012423
-0.000744
-0.001505
0.002005
0.009362
0.015846
0.006331
0.000513
0.000705
0.001195
0.014775
0.009192
-0.010140
-0.005197
0.015606
0.008109
-0.004207
-0.000508
-0.004436
-0.000530
0.008027
0.015451
0.017212
-0.001051
-0.003961
-0.012262
0.011558
-0.011297
-0.003075
-0.010215
0.008063
0.016755
-0.003917
0.004540
-0.003689
0.002896
-0.001608
0.002424
-0.002325
-0.005279
0.006268
-0.005858
0.011123
0.000433
-0.004670
-0.007511
-0.000434
-0.000236
-0.008270
0.003440
-0.006001
0.018336
0.002960
-0.012669
-0.001470
-0.007213
0.003899
0.002407
-0.005547
0.003138
0.003806
-0.007727
-0.004918
-0.000862
-0.008385
-0.011618
-0.000974
0.003931
-0.006643
-0.003735
-0.006155
-0.003113
-0.010473
0.006182
-0.008774
-0.009496
-0.008232
0.007737
-0.004318
0.001794
0.000459
-0.003275
0.015469
-0.006787
0.005029
0.012072
0.002378
0.004575
-0.004284
-0.006680
0.003261
0.012107
0.005687
0.003845
0.007704
0.004384
-0.002327
-0.007524
-0.006962
0.015739
0.010870
-0.006587
-0.004553
-0.011640
0.007876
0.002794
0.000875
0.006089
-0.001087
-0.007438
-0.016921
0.024326
0.007621
0.015976
0.009694
-0.003674
-0.000483
0.000384
0.008720
0.022010
-0.006636
-0.005400
-0.007118
0.020995
-0.011201
-0.005445
0.005194
-0.006591
0.009081
-0.001486
0.010212
-0.003657
0.003349
-0.011900
-0.003201
0.004952
-0.008042
-0.004526
0.004036
0.012519
-0.005877
-0.017785
-0.009691
0.003522
-0.005592
0.006034
0.009030
-0.001206
-0.001092
-0.006467
-0.007839
0.004046
-0.002585
-0.002801
-0.001757
0.011037
0.001313
-0.003214
-0.006548
0.004580
0.004790
0.017858
0.014107
-0.004965
0.003347
-0.005285
0.013897
0.003415
0.008574
0.008363
0.010503
-0.007747
0.004044
-0.001411
-0.000895
0.011614
-0.001954
0.003809
0.002309
0.014258
-0.004160
0.013354
0.005260
-0.004652
0.007934
-0.003942
-0.008317
-0.008165
0.006990
-0.000343
-0.008380
-0.000327
-0.010167
0.005168
0.015205
-0.004785
0.002086
0.011267
0.014698
-0.005106
0.005497
0.004450
0.008394
-0.015492
-0.004119
-0.015006
-0.008815
0.002124
-0.003145
0.007145
0.006492
-0.009192
0.008231
-0.001272
0.003804
0.005681
0.003172
-0.001979
0.008162
0.004181
0.010070
0.002153
0.009176
0.001110
-0.006116
-0.002699
-0.003394
-0.003218
-0.000516
-0.013812
-0.025466
0.006341
-0.008661
-0.012728
-0.002832
-0.005525
0.005305
-0.003193
-0.008941
-0.005048
-0.010729
0.010037
0.004367
0.008953
0.006285
-0.000142
-0.007488
0.009761
0.001239
0.003689
0.001548
-0.010010
-0.002643
0.000241
0.006948
0.010588
-0.002991
-0.013608
-0.011771
-0.000203
-0.003230
0.012557
-0.000877
-0.003868
0.011254
-0.004720
0.004419
-0.001615
0.001711
-0.002959
-0.003528
0.006521
0.005857
-0.003084
-0.002016
-0.001284
0.002610
-0.007619
0.007390
0.007861
0.010002
0.007760
-0.009036
-0.004778
-0.009213
0.004001
-0.007654
0.009520
0.019096
-0.001852
0.011901
-0.004460
-0.014266
-0.001322
0.016167
-0.001333
-0.007718
0.002553
-0.006293
-0.003029
-0.002780
-0.012011
-0.007548
-0.004995
0.007789
0.006883
0.008877
-0.000303
-0.006421
-0.016994
0.006848
-0.002173
-0.003373
0.012434
0.003132
-0.002027
-0.004739
0.000520
-0.006248
-0.010992
-0.005406
0.001162
0.008368
-0.006550
0.010574
0.003939
0.000152
0.001266
-0.002853
0.001461
-0.003617
-0.009101
-0.003211
-0.001913
0.000950
-0.009961
0.007608
0.004173
0.000594
-0.000339
-0.006111
-0.007806
0.008318
0.006854
-0.001224
0.011219
-0.011062
-0.000047
-0.006182
-0.003713
0.000816
-0.011719
-0.005725
-0.011039
-0.004737
-0.005583
0.015431
-0.000505
0.003495
0.012397
-0.009347
-0.012080
0.006727
0.014476
-0.006316
-0.000860
0.008922
-0.007021
-0.008267
0.007878
0.018007
