0.000113
-0.009071
0.000106
-0.013293
-0.004895
0.005675
0.008061
0.019279
-0.006178
-0.006220
0.015576
0.000310
0.003124
0.002654
0.002732
-0.000629
0.003427
0.007343
-0.002007
-0.004679
-0.000343
-0.010542
0.007467
-0.000303
0.003789
-0.003387
-0.014232
-0.004877
-0.014978
0.005917
-0.003667
0.000623
0.009418
0.002196
-0.000186
0.005982
-0.000327
0.003722
-0.012829
0.002520
0.006328
-0.004971
0.001308
-0.005614
0.000746
0.005489
0.003436
-0.000580
0.001531
0.009470
-0.000916
0.001048
0.015537
-0.002967
0.012245
0.008337
0.003008
0.008030
0.000587
0.005454
-0.005463
-0.008699
0.021406
-0.003383
-0.014122
-0.004461
0.001825
-0.004406
-0.004461
-0.007309
-0.001807
-0.006400
-0.009373
-0.007784
-0.019736
-0.008505
0.008324
-0.007053
-0.010869
0.007909
0.005012
-0.006144
-0.002453
-0.017299
0.008514
0.000690
-0.006739
-0.006668
-0.011509
0.000481
-0.010708
0.006452
0.004444
0.007003
-0.003946
-0.015186
-0.012440
0.012089
0.001032
-0.012392
-0.017752
0.000035
-0.006822
-0.006246
0.001358
-0.004709
-0.006827
-0.000908
0.004731
-0.001353
0.001983
-0.016144
0.000006
0.003102
0.004808
-0.017238
0.006764
-0.009054
-0.007844
-0.005323
-0.020497
-0.003323
0.004149
-0.008454
0.005068
-0.008167
-0.006329
0.006906
-0.007502
0.013679
0.008102
0.011894
-0.006901
-0.008668
0.015371
-0.011713
-0.009322
0.008199
-0.000752
-0.001488
0.005940
-0.008957
-0.000899
-0.013393
0.000936
-0.000991
0.017828
-0.013252
-0.001097
-0.001275
-0.005322
-0.005048
-0.001854
-0.001770
-0.003061
-0.004805
-0.002038
-0.007478
-0.003491
0.001921
0.008236
0.004557
0.007335
0.007662
-0.003998
0.001494
0.005879
0.002263
-0.013052
0.002198
-0.013176
-0.002716
-0.007261
-0.004871
0.003138
-0.002997
-0.013897
-0.000092
-0.004357
-0.003792
-0.004040
-0.003102
0.004285
-0.008166
0.003140
0.003696
-0.010169
-0.003014
0.007213
0.009280
-0.004678
-0.001713
-0.005257
-0.004768
0.003494
-0.000661
0.006236
-0.002350
-0.003073
0.003742
0.002157
-0.004512
-0.010783
0.014701
-0.011196
0.005454
0.006044
0.002148
-0.014987
0.001181
0.001080
-0.000491
0.006641
0.002172
-0.017535
-0.009492
-0.006148
0.006886
0.018097
0.007922
0.006583
-0.000782
0.006205
-0.014904
0.001083
-0.010946
0.000354
0.001911
0.012136
0.018051
-0.004384
0.001724
-0.002915
0.011298
0.001170
-0.016866
-0.008855
0.009599
0.000915
0.008048
0.001489
-0.000636
-0.014697
0.002804
0.007887
-0.001793
-0.002227
0.011164
0.000207
0.017152
0.002845
-0.015710
0.005886
-0.020227
-0.012250
0.007507
-0.005002
0.005500
-0.002731
-0.005318
-0.005440
-0.002608
0.003010
-0.009312
0.000014
-0.000322
-0.005678
0.007176
-0.001010
0.002784
-0.001380
-0.016064
0.011293
0.001423
-0.001968
0.013762
0.008347
0.000549
0.001107
-0.015823
-0.007179
0.000637
0.003318
0.014710
-0.009872
0.008036
-0.004695
0.003144
0.012733
0.003653
0.017133
0.001182
-0.003834
0.000399
-0.006273
0.001351
-0.007942
0.003736
-0.000965
-0.005442
-0.006075
0.004620
-0.004701
0.000022
0.000016
-0.009748
-0.003634
-0.011059
-0.004172
0.009155
0.006545
-0.015034
0.000724
-0.007260
0.005595
-0.009309
0.004835
-0.001206
0.007698
-0.008133
0.004604
-0.001307
0.003381
0.005672
-0.020475
-0.001060
0.007139
0.009841
0.007610
-0.004436
-0.008431
-0.009809
0.009950
-0.009503
0.002643
-0.010460
-0.007257
-0.007517
-0.005807
-0.011042
0.018144
-0.001203
0.004908
0.004281
-0.015021
0.002166
-0.007013
0.002022
-0.000344
-0.008085
0.000739
-0.002017
0.007048
-0.013588
0.000725
0.000655
-0.017942
0.008957
0.004665
-0.000569
0.002197
-0.005601
-0.016390
0.004511
0.007318
0.000815
-0.007496
0.002895
-0.003064
-0.016752
0.008347
-0.015569
-0.008615
-0.004436
-0.002436
-0.006315
-0.000755
0.006070
-0.000863
0.008642
0.000664
-0.008705
0.023464
0.000328
0.002657
0.008473
0.001558
0.000875
0.000462
-0.003833
-0.003516
0.009185
-0.007281
0.000149
0.009977
0.009180
0.007337
-0.008210
0.009286
-0.000639
-0.003517
0.001429
0.006531
-0.004154
0.006856
0.017951
0.020359
-0.006241
0.006457
-0.006595
-0.000936
0.002702
-0.001422
-0.007122
-0.003497
0.010056
0.012413
0.004706
-0.002909
-0.011116
0.015113
0.002107
0.002526
0.006379
0.007511
0.004850
-0.001276
-0.014273
0.006301
-0.006647
-0.002985
0.013426
-0.000937
0.000733
0.001398
0.004683
0.006784
0.013515
-0.002514
-0.016378
0.001644
-0.006360
-0.007892
0.001413
0.002168
0.010375
0.013733
0.004259
-0.007449
0.004749
-0.001266
0.006281
0.009041
-0.009730
0.009921
-0.001798
0.014952
-0.014329
-0.002297
0.021513
0.019024
-0.003035
-0.001163
0.005367
0.010759
-0.010942
0.000072
0.006915
-0.010611
0.009800
-0.011727
-0.002327
0.003321
-0.007443
0.001363
0.006259
-0.023638
-0.004931
0.004611
0.005789
0.014766
0.011513
-0.004241
-0.004819
-0.009093
0.000074
-0.010064
-0.010912
-0.004113
0.011438
-0.006448
-0.003928
0.004909
0.001260
0.002947
0.003061
-0.001477
-0.000181
0.001589
0.004376
0.007434
-0.012934
-0.002995
0.009028
0.006458
-0.006493
-0.011825
0.018538
0.002944
0.003404
-0.005154
0.007705
-0.005351
0.006879
0.013971
-0.016360
-0.014287
-0.008961
-0.020965
0.008173
-0.004362
-0.006722
-0.001622
0.006340
-0.002760
0.008304
0.012891
0.013505
-0.009941
-0.000166
-0.001801
-0.009952
0.014008
0.007889
-0.007763
-0.022110
0.007610
0.017452
-0.002100
0.018842
0.004576
-0.007601
-0.002136
0.005673
0.023095
0.001486
0.003716
-0.004000
0.015984
0.009396
-0.005284
0.001379
0.012485
0.001058
0.000186
-0.010304
0.001916
-0.009366
0.018587
-0.006293
0.021489
0.015631
0.015996
-0.009516
0.006582
-0.005811
0.020368
-0.009270
0.006670
0.006907
0.007108
0.005513
0.001809
-0.007562
-0.000023
-0.001932
0.003875
-0.003294
-0.006981
0.004358
0.009541
-0.017540
0.000475
0.000990
0.002173
-0.001160
0.003783
0.006817
0.000290
0.004629
-0.007102
0.000914
0.003761
0.005710
0.003165
-0.000913
-0.005590
-0.006082
0.006528
0.007493
-0.008678
0.004335
-0.006034
-0.001853
0.002948
0.002349
0.006238
0.007167
-0.006192
-0.000387
-0.005478
-0.010334
0.007585
0.004299
-0.001068
0.000198
-0.001687
-0.000677
0.005582
-0.002750
-0.006826
-0.009441
0.005750
-0.007521
0.000815
-0.014048
0.008261
0.012990
0.001468
0.001159
0.005146
0.011249
-0.000660
-0.007249
0.000570
0.011307
-0.004437
0.001464
0.005268
0.011238
0.003719
-0.007688
-0.005854
-0.003091
0.002012
-0.002627
0.007097
0.000890
-0.000989
0.002924
0.010526
0.003025
-0.002645
-0.005425
0.004773
-0.000609
-0.013166
0.006922
0.013672
-0.007442
-0.008129
-0.003391
-0.004543
0.012384
-0.001567
-0.014923
0.017347
-0.000633
-0.004896
-0.005641
-0.004749
0.001687
-0.017563
-0.013778
-0.001029
-0.000866
-0.004728
-0.001797
0.008063
-0.008091
0.011653
0.004778
0.011691
0.001444
0.001868
0.011712
0.002973
0.001016
-0.002607
0.007819
0.005591
-0.000843
-0.003657
0.001810
-0.011196
-0.004799
-0.001875
-0.019573
0.011073
-0.003309
-0.012716
0.005409
0.010190
-0.003514
-0.008995
0.002294
0.007633
0.003511
0.012225
0.017208
0.014720
0.000126
-0.000638
-0.006783
-0.002498
0.005589
0.006330
-0.005883
0.000104
-0.008705
-0.004215
0.003696
-0.006161
0.000671
-0.012047
-0.013654
0.003892
0.000094
0.004377
0.005921
-0.002870
0.004211
0.005319
0.007795
-0.006580
-0.004492
0.001172
0.001479
-0.004716
-0.010916
0.016455
0.001287
0.002324
-0.002585
-0.012345
0.021604
-0.005336
-0.015782
0.006071
0.007824
-0.007935
0.007945
-0.000545
0.004570
0.006671
0.006404
0.005911
0.008514
0.002779
-0.002048
-0.007223
-0.006130
-0.001444
-0.005642
-0.000952
-0.000607
0.002127
-0.003038
-0.001934
-0.006274
0.002002
0.006234
0.005890
0.006941
0.010552
-0.016870
-0.002761
-0.011562
0.001839
-0.001434
-0.001365
0.004972
0.001101
-0.019297
-0.000913
-0.006717
0.002843
-0.005923
-0.011439
-0.002330
0.002340
0.001948
-0.016040
0.007249
-0.000904
-0.017137
-0.011197
-0.004296
-0.003549
0.004945
0.001003
-0.007639
0.001198
-0.006611
-0.008290
-0.000865
0.008727
0.003577
-0.008000
0.007712
0.002197
0.005974
-0.000932
0.001816
0.007237
-0.005573
-0.014436
-0.006145
-0.001205
0.011724
-0.006469
0.003758
0.004980
-0.000488
-0.009663
-0.004505
-0.002368
-0.005695
0.001026
0.015217
0.010621
-0.002750
0.010252
0.007244
0.000403
-0.007171
0.008319
0.005613
0.009853
-0.002029
-0.000266
0.007309
-0.003938
-0.003071
0.003059
0.000847
0.007505
0.001907
0.009265
-0.000059
0.003447
0.003605
-0.008358
-0.002218
-0.008719
-0.013531
-0.008833
-0.003587
-0.010162
0.002994
0.001092
-0.001378
-0.013212
-0.015090
0.012529
-0.015120
0.002423
-0.000877
-0.017006
0.003019
-0.004021
0.004159
-0.000587
0.006635
0.014269
0.000034
0.001169
-0.013662
-0.004082
0.011882
0.003264
-0.009788
0.005511
-0.004968
-0.003618
-0.001015
0.000358
-0.003554
-0.005298
0.002663
0.011236
-0.012215
0.006111
0.002607
-0.006001
0.015061
-0.000743
-0.003419
0.005287
0.011258
0.008425
0.006791
-0.002038
0.006816
0.008795
0.000141
0.000548
-0.005453
0.003976
-0.003136
0.012901
-0.001440
0.001015
-0.009205
0.002004
-0.008210
0.012366
0.005395
-0.000170
0.000343
-0.007465
0.007644
0.004571
0.001515
0.003905
-0.025711
0.007181
-0.008968
0.008031
-0.022316
0.008111
-0.002782
-0.008959
-0.014518
0.004703
0.008788
-0.007121
0.001564
0.005267
0.001611
0.003315
0.002189
0.008225
-0.016102
0.001541
-0.003034
-0.002981
0.005349
-0.004654
-0.000951
0.004848
-0.006579
0.005132
-0.007145
-0.017551
0.004407
-0.010058
0.002402
-0.008395
0.003291
0.021897
0.002664
0.013719
0.009585
-0.002055
0.003847
-0.007452
-0.005647
-0.005996
0.008075
-0.005011
0.000410
0.005795
0.011542
-0.002633
-0.009670
-0.000706
0.002057
-0.000418
-0.005594
0.000713
-0.007602
0.003293
-0.013044
0.013074
0.001182
-0.014848
-0.005912
-0.001764
0.001797
-0.009157
-0.003046
0.000338
-0.012209
0.000457
-0.008355
-0.005430
0.015641
-0.010789
0.002441
0.005238
0.000227
0.002093
0.000967
0.010995
0.001658
0.016285
-0.007032
-0.008978
0.027311
-0.004723
0.011226
0.001203
0.003144
-0.002281
0.016829
0.005363
-0.004459
-0.021138
-0.002598
0.002785
0.011054
-0.007032
-0.002371
0.000853
0.005937
0.000429
-0.001224
0.000660
-0.004910
-0.003987
0.002513
-0.001778
0.009449
0.006489
0.012736
-0.001958
-0.005543
-0.000753
0.007403
0.015097
0.002300
-0.008498
-0.002055
-0.006332
-0.007892
0.003896
0.004292
-0.003916
0.000181
0.010864
-0.014597
-0.006937
-0.007029
0.011825
0.002291
0.003195
-0.018578
-0.005045
0.006370
-0.001407
-0.001490
-0.003397
0.005673
0.007542
-0.000242
0.001576
0.005367
-0.001222
0.010892
-0.001913
0.015087
-0.005976
-0.001505
0.000268
-0.002855
-0.006593
0.011487
-0.006183
-0.005635
-0.000458
0.004238
-0.009676
-0.003469
0.008239
0.012116
-0.001386
0.007664
-0.011959
0.002822
-0.011439
0.001779
-0.010555
-0.002750
0.004591
0.004285
0.003888
0.005550
-0.004770
-0.002151
-0.010368
0.001860
0.000525
-0.010795
0.015198
0.007994
-0.003987
0.004293
0.008800
-0.007821
-0.008946
-0.007026
-0.007405
0.008837
0.001255
-0.001732
0.011368
-0.004570
-0.001727
0.014045
0.007294
0.001990
-0.003483
-0.003406
0.000783
-0.001299
-0.010426
0.000594
0.004991
0.012510
0.006946
0.002399
-0.000555
0.004416
-0.007705
0.001874
-0.014400
-0.002799
-0.008775
0.004927
-0.002509
-0.013531
-0.002140
-0.014080
0.002562
0.009142
0.009421
0.012011
0.001987
0.008044
-0.002929
0.005062
0.010173
0.010317
0.001750
-0.005805
0.001594
-0.002023
0.003469
-0.001563
-0.000548
0.002644
-0.002046
0.000118
-0.004023
0.003710
-0.008914
0.006255
-0.013746
0.006614
0.007439
-0.012953
0.003302
0.000707
0.009944
-0.009221
0.007354
0.004550
-0.000254
-0.003828
0.005687
0.005327
0.001595
-0.002219
0.014710
0.001669
0.012123
0.004340
-0.010055
0.009498
-0.004896
0.005996
-0.004319
0.005141
0.006325
0.000820
-0.003969
0.002931
-0.013342
-0.006693
-0.005568
-0.004177
-0.000552
0.001366
-0.001835
-0.011063
0.005417
-0.007936
-0.006980
0.000269
-0.006675
-0.012821
-0.000724
0.006307
0.004941
-0.002724
-0.002379
0.003885
-0.004193
-0.019913
-0.018546
0.014242
-0.008096
0.004013
-0.015771
-0.010054
0.005466
-0.001762
-0.008596
0.010414
0.003163
-0.001134
-0.001395
0.020979
0.006592
-0.004768
-0.001430
0.001852
0.008063
-0.015067
0.000010
-0.000254
0.001905
-0.010757
0.004124
-0.012366
0.002184
0.020592
-0.004665
0.000177
0.001202
0.004115
0.014687
0.004349
0.000328
-0.006892
-0.012511
-0.000838
-0.008772
-0.001897
-0.010595
-0.002002
-0.008710
-0.015339
0.008164
-0.002611
0.003628
-0.015265
-0.001624
0.003094
0.003964
-0.008882
0.001409
-0.007883
0.010647
0.013183
0.001082
-0.005847
0.000010
0.005738
0.011264
-0.000991
0.004266
-0.006796
0.003347
-0.002667
0.008753
0.003787
0.005003
-0.000878
-0.005223
-0.001179
0.000293
-0.004864
0.009431
0.015863
-0.003334
-0.001209
0.001921
-0.002462
0.009699
-0.008674
-0.002606
-0.002689
0.000212
-0.003643
-0.009612
0.007626
0.004131
0.016691
0.002732
-0.015635
-0.002125
0.006178
-0.000564
0.001139
-0.003009
0.008776
0.008688
0.003188
0.001615
0.007309
-0.010114
-0.003519
-0.002578
-0.003343
0.008831
-0.014228
0.002233
0.014798
-0.002206
0.009868
-0.008659
0.008121
0.001735
-0.005453
-0.009243
-0.004686
0.006266
0.005647
-0.005235
-0.006997
0.011429
0.004437
0.002642
0.017730
-0.003873
0.003814
0.016173
-0.006962
0.004252
0.016647
0.006624
-0.003783
-0.001826
0.000458
-0.003113
-0.002260
0.007404
-0.011087
-0.000674
-0.000709
-0.001309
-0.007529
-0.004908
0.002416
-0.006271
0.002291
-0.001229
0.008288
0.013675
-0.003488
0.004371
-0.017520
0.001120
-0.007986
0.007738
0.011577
-0.008112
-0.010336
0.004081
0.004230
-0.007054
-0.008308
0.003700
0.006677
-0.006032
-0.012433
-0.007086
0.001856
0.019380
0.006633
-0.006030
0.000180
0.000147
0.008734
0.002799
0.001053
0.002086
0.006175
-0.004845
0.006513
0.008551
0.003621
0.008379
-0.008532
-0.001241
-0.013064
-0.004137
0.007834
-0.011534
0.002128
-0.010294
0.010905
0.002604
0.002822
0.000109
-0.002377
-0.002037
-0.002834
0.006550
-0.002094
-0.003048
-0.001037
0.002165
0.000601
-0.010155
0.000337
-0.001851
-0.001721
-0.003911
0.005042
-0.004522
0.001055
0.003611
-0.002325
0.005916
-0.005628
0.013220
-0.007390
0.002274
-0.001105
0.006851
0.017509
-0.002525
0.001624
-0.003389
0.010663
0.000051
-0.002964
0.004621
-0.003617
0.001502
0.006295
0.000857
-0.007972
0.000992
-0.007893
0.011732
-0.004525
0.000888
0.013989
-0.003539
0.003878
-0.012738
0.005936
0.003142
0.000303
0.001669
0.009444
0.004716
-0.003166
-0.004495
-0.001030
-0.002257
-0.000444
-0.000435
0.013464
0.001385
0.010862
-0.006289
-0.007599
-0.000738
0.013067
-0.006040
0.003822
-0.001057
0.005038
-0.002177
0.009500
0.007740
0.002519
-0.000620
-0.007401
0.003790
-0.009614
-0.005028
0.004782
0.003160
0.004638
0.012094
0.011570
-0.008268
0.011679
0.003925
0.008350
-0.012202
0.010775
-0.002367
-0.010788
-0.012134
-0.002540
-0.006160
-0.001541
-0.007745
-0.006692
-0.004629
0.008290
0.009542
0.003040
0.006483
0.000955
-0.014552
-0.013325
-0.006881
-0.001204
-0.003181
0.013399
-0.008290
-0.003709
-0.017541
-0.007374
-0.005272
0.001476
-0.006202
-0.013909
0.006199
0.005949
-0.001711
-0.000399
0.001846
0.001358
-0.001727
0.003662
-0.003586
-0.002461
-0.007131
0.003911
-0.000299
0.000250
-0.008974
0.000701
-0.006095
-0.015654
-0.000834
0.008597
0.009899
0.014971
-0.000809
0.017553
-0.003255
0.006887
0.012924
-0.003496
0.008016
0.001171
-0.004773
0.006290
-0.008787
-0.003540
-0.007643
-0.000363
0.000742
-0.001303
0.001658
0.006060
0.017143
0.013519
0.000840
-0.000273
0.009199
-0.008841
0.013057
-0.010236
0.000079
-0.005918
0.006276
-0.004376
-0.006563
-0.002566
0.013895
0.003892
0.004446
-0.001829
-0.011022
0.000034
0.001357
0.011505
-0.005716
-0.002291
-0.005182
0.005050
0.011613
-0.009678
0.001520
-0.004763
-0.005675
-0.007182
-0.001218
-0.001383
-0.009345
-0.002324
0.000334
0.004519
0.008493
0.003174
-0.014364
-0.016141
-0.000375
-0.010007
0.003977
-0.009577
0.000505
0.004416
-0.000265
0.000245
0.010710
0.004410
-0.000869
0.013751
0.006854
0.003389
0.002762
-0.007623
-0.006349
-0.005930
-0.009877
0.017208
-0.008516
0.006152
-0.000001
0.008462
0.004206
0.006955
0.003069
-0.002892
-0.001483
-0.016225
0.010709
0.008950
-0.008320
0.012469
-0.021044
-0.001928
-0.008912
-0.000500
0.011604
-0.017338
0.003741
0.006165
0.005319
0.000135
0.005175
-0.016145
-0.000468
-0.002208
-0.003284
-0.002626
0.010624
0.002734
0.004589
0.011147
0.002561
-0.005605
-0.000608
0.003232
0.012230
0.012861
0.014366
0.003130
-0.006662
-0.012214
0.003840
-0.000905
0.006472
0.000155
-0.001556
0.001737
0.005011
-0.018806
-0.007670
-0.009627
0.007060
-0.008294
0.009153
-0.004089
0.005027
-0.009200
-0.006282
-0.003313
0.000710
0.000758
0.006933
-0.000876
-0.005370
0.008126
0.009126
0.000518
0.012047
-0.010408
0.008529
0.023204
-0.002466
0.013228
-0.005318
0.008323
-0.015578
0.006400
0.006936
-0.003297
-0.002284
-0.010342
-0.000353
0.009754
-0.008543
-0.002028
0.001063
0.010455
-0.008414
0.002450
-0.004397
0.009365
0.003109
-0.014729
0.000375
-0.009529
-0.019062
0.007999
-0.011075
0.019038
-0.001295
-0.010243
0.000479
-0.004057
0.009400
-0.012225
0.011121
-0.000201
-0.002050
-0.004297
-0.008723
-0.011834
-0.005401
0.011808
0.006656
-0.002819
-0.007298
-0.007600
-0.021829
0.004243
0.002565
0.016063
-0.001413
0.006436
0.001108
-0.000879
-0.008763
-0.000081
0.014061
0.002605
-0.003909
-0.006353
0.007967
-0.010936
-0.004401
-0.003480
-0.007018
0.000274
-0.003760
-0.007131
0.004460
-0.021256
0.002151
-0.009518
-0.004003
0.000215
0.003933
0.001511
-0.005852
-0.004381
0.007539
-0.011392
-0.004220
0.011748
0.005632
0.010766
-0.004844
-0.004072
-0.008289
-0.001674
-0.001440
-0.006722
-0.017235
-0.000418
-0.010504
-0.001277
-0.004721
0.002018
0.003317
-0.001128
-0.007089
0.002697
-0.005615
0.016159
0.002779
0.003669
-0.006641
-0.012236
-0.007544
0.009194
-0.000816
0.009838
-0.004047
0.014780
-0.000263
0.005396
0.003717
0.000520
-0.002121
0.000530
0.002541
0.009517
0.022173
-0.010578
0.015224
0.004184
0.006975
-0.011646
0.003287
0.001136
0.004454
0.007488
-0.000183
-0.001570
0.010420
0.003278
0.001473
0.009540
0.006387
-0.010313
-0.005694
0.004267
0.011128
0.008121
0.011617
0.000480
-0.003703
0.017909
-0.013546
-0.009318
-0.001388
0.002823
-0.000098
-0.001250
0.003699
-0.002542
0.000300
0.003018
0.009164
-0.001697
-0.001304
0.006592
-0.003090
0.001226
-0.002662
-0.005098
0.002702
-0.006879
-0.005979
0.014071
-0.004444
-0.007224
0.012470
0.010383
0.002458
-0.009509
0.002656
0.001683
0.001583
-0.009109
-0.014312
0.012690
0.009236
0.005612
0.010862
-0.011113
0.004519
0.006164
0.003625
0.000282
0.003754
-0.006925
0.007833
0.004791
-0.000893
-0.001110
0.007633
0.013060
0.011546
-0.004132
-0.004450
0.000999
-0.008239
-0.002072
0.005432
-0.001007
0.009385
-0.005222
0.011366
-0.011330
-0.004428
-0.000088
0.001896
0.014203
-0.003278
-0.006272
-0.000714
0.006316
0.000896
-0.002826
-0.004138
-0.000252
-0.006454
0.009468
0.006116
0.008413
0.003152
-0.009508
-0.010337
0.000911
-0.004651
-0.000320
-0.007132
0.004485
-0.003203
0.002185
-0.008330
-0.001465
-0.025520
-0.000823
-0.001523
0.004141
-0.000787
-0.009527
-0.004004
0.005478
0.000742
0.005835
0.007533
0.002807
0.005473
0.004102
0.000171
-0.005834
-0.005761
0.011882
0.003932
-0.002849
-0.000634
-0.005049
-0.002134
0.009567
0.003153
-0.003519
-0.009495
0.010520
0.000741
-0.007819
0.000081
-0.011092
0.006037
0.000359
0.002372
0.018267
0.008471
-0.006849
-0.010306
0.010652
0.009331
-0.014983
-0.005347
-0.006182
-0.004011
-0.012483
0.012150
0.000972
0.005037
0.004041
-0.004342
0.009579
-0.003289
0.006956
0.003928
-0.005548
-0.003022
-0.008500
-0.007252
-0.013863
0.005344
0.002511
0.000348
0.009424
0.006000
-0.003889
-0.002492
0.012524
-0.001412
0.000950
-0.011319
0.003907
0.006466
-0.011188
0.001877
-0.005483
-0.005680
-0.011154
0.006822
-0.007613
-0.003411
-0.001571
0.008373
-0.008293
-0.007346
0.009811
0.005184
-0.001207
-0.003723
-0.007879
-0.015572
0.003047
0.002715
-0.005731
0.003468
-0.007761
-0.002776
-0.000479
0.008133
0.011149
-0.009908
0.009855
-0.008276
0.001863
-0.004414
0.005215
-0.010835
0.004570
0.012295
0.000232
-0.000921
-0.004884
-0.007456
0.005911
-0.010252
0.004581
-0.000479
-0.000423
0.005409
-0.002456
-0.002905
-0.003106
-0.004604
-0.006739
0.005276
0.007695
-0.004744
-0.002152
-0.007351
-0.003008
-0.006154
-0.005433
0.002822
0.000661
-0.008324
0.009040
-0.000043
-0.005854
0.005075
0.000662
-0.005952
0.006143
-0.006489
-0.007408
-0.007972
0.002726
0.009795
-0.003718
-0.006140
-0.005777
0.003468
0.010981
0.003127
-0.007829
0.000611
-0.000502
-0.008216
0.000483
-0.003308
-0.006636
-0.001098
-0.006040
0.004869
0.010244
0.007229
0.010882
-0.011440
-0.007545
0.004708
-0.010458
0.002068
0.008809
0.006240
0.001058
0.000666
-0.002686
-0.007130
0.000264
-0.002265
-0.013400
0.011952
-0.014986
0.005575
0.000443
-0.007166
0.000436
-0.005124
-0.004647
-0.000681
-0.002874
-0.003346
0.000079
-0.007896
-0.021191
-0.015390
-0.012861
0.005253
0.013517
-0.003602
0.005223
0.003757
0.005341
-0.009309
0.013721
-0.000997
-0.000943
-0.011056
-0.001603
-0.002819
0.004891
-0.016193
0.005913
-0.011618
-0.002098
0.011510
0.011073
-0.005423
-0.005296
-0.004834
-0.000449
-0.009681
0.004902
-0.015048
0.000052
-0.001042
-0.003737
-0.001546
-0.007601
0.000517
-0.003407
-0.001384
-0.004102
0.002213
-0.001688
0.006233
-0.009760
0.010537
-0.015536
-0.005422
-0.003100
-0.001491
0.007081
-0.001105
0.008642
-0.009943
-0.008120
-0.005328
-0.003368
0.002180
0.000285
-0.002446
0.007574
-0.001798
0.012299
-0.001694
0.003761
-0.008846
-0.011453
0.001960
0.002548
0.000023
0.003609
0.009602
-0.015514
-0.008747
0.004669
-0.002572
0.003358
-0.005973
-0.000282
0.005246
0.014838
0.005316
0.010484
-0.009792
0.003549
0.006658
-0.014262
-0.009329
0.000517
0.000431
0.006834
-0.005305
-0.008396
-0.006684
0.002829
0.005496
-0.010219
-0.007396
0.001516
0.004071
0.000592
0.007779
0.003597
-0.003644
-0.000771
0.001654
-0.000398
-0.000626
-0.009029
0.001331
0.000831
0.013245
-0.005097
0.012361
-0.011092
-0.004622
0.000030
0.017812
0.006404
-0.004027
0.007347
-0.007038
-0.002501
0.000931
-0.001285
0.003237
-0.003920
-0.022982
0.005325
-0.005251
0.005670
-0.004397
-0.007352
0.016461
-0.008293
-0.000113
-0.011474
0.000946
0.001960
-0.005244
0.003671
-0.004332
-0.002696
0.008332
0.000728
-0.003637
0.011928
0.013501
-0.007105
-0.000172
-0.002747
0.002953
0.014601
-0.007460
0.016781
-0.011255
-0.005637
-0.006222
-0.008202
0.005515
-0.013327
-0.000986
0.004946
0.003005
-0.001111
-0.000755
-0.003410
0.014442
-0.000286
0.001811
-0.008713
-0.005217
0.005093
0.009620
-0.004739
-0.010295
-0.005248
-0.001253
-0.003779
-0.006872
-0.003725
0.005784
0.001879
-0.003440
0.010439
0.005958
0.003257
0.001197
0.008642
0.002432
-0.005571
0.000957
-0.006645
-0.004630
0.003954
0.004313
-0.003903
-0.002632
0.008338
0.008217
0.020187
0.011642
-0.003691
0.008061
-0.000367
0.013063
0.003134
-0.000968
-0.007482
0.002191
-0.002271
0.006960
0.007152
0.006402
0.003849
-0.001107
-0.012340
0.004885
-0.005449
-0.009411
-0.013422
-0.003638
0.004077
0.003971
0.002168
0.012242
-0.001893
-0.003163
-0.011814
0.003917
-0.001412
0.012979
-0.006905
0.004116
-0.006022
0.003439
-0.008514
0.022836
0.001007
0.001436
0.004395
-0.001115
-0.006154
-0.000470
0.002628
-0.001795
0.000335
0.002939
-0.006765
0.001431
-0.002269
-0.000154
-0.008078
0.004790
-0.002558
-0.012450
0.005123
0.014819
-0.009257
-0.000717
0.002545
0.005556
0.014881
0.003169
0.004270
0.009003
-0.003653
-0.014431
-0.008112
0.004571
-0.011069
0.001334
0.005260
-0.001237
0.006436
-0.000296
0.004779
-0.007388
-0.003250
-0.008209
0.002925
-0.013364
0.008067
-0.004531
-0.017809
0.007309
-0.007615
-0.004283
-0.007815
0.009040
0.010258
0.011765
0.019957
0.005993
0.004730
0.020034
0.006765
0.015937
-0.011280
-0.005856
-0.008838
0.013178
-0.006100
0.020094
-0.003048
0.018088
-0.007627
0.000169
-0.001775
0.002284
0.005070
-0.006274
0.005053
0.002062
-0.007632
0.008882
-0.002288
0.011563
-0.007030
-0.003311
0.005522
-0.002603
-0.001289
0.007836
0.003997
0.012563
-0.007421
0.002587
0.015727
-0.002537
-0.003508
0.010802
-0.009622
0.006286
-0.006427
0.004616
-0.005720
0.010442
0.012307
0.000453
-0.004056
0.012240
0.003640
0.003163
0.011310
0.014417
0.009320
0.004472
-0.009239
0.006172
0.005847
-0.008883
0.002889
0.005280
-0.008420
0.002147
0.000739
-0.003611
-0.006167
-0.003252
-0.005402
-0.005317
0.003116
-0.012994
0.007369
-0.003221
0.013553
-0.010505
-0.006387
-0.001036
-0.009767
0.008554
-0.000887
0.006092
-0.003853
0.004559
-0.002581
0.005872
-0.008243
0.007251
-0.005237
-0.013085
0.008080
-0.015801
-0.002851
-0.003233
-0.001615
0.007091
0.002450
-0.005386
0.008609
-0.003592
0.007255
0.001645
-0.013812
-0.000454
-0.011035
-0.013445
0.009583
0.007536
-0.005357
0.003741
-0.000286
0.007815
0.003997
0.010007
-0.004919
-0.001914
0.002217
-0.005265
0.004161
-0.005958
0.015893
0.000814
-0.003602
-0.002056
0.003411
0.007645
-0.004184
0.001288
0.006925
-0.005214
-0.004467
-0.004542
0.000918
-0.005390
0.013495
0.005336
-0.001422
0.002772
-0.000428
-0.004371
-0.005961
0.003400
0.005496
0.004431
0.003725
-0.009499
-0.011397
0.001572
0.005528
-0.000935
0.002377
-0.000768
0.006729
-0.013028
-0.011261
0.013023
0.004296
0.003205
0.002393
0.000906
0.003912
0.005150
-0.005645
-0.006586
-0.007517
-0.009199
0.003395
0.010382
0.007430
-0.004950
0.006675
0.010344
0.000763
0.005294
0.008524
0.002480
-0.005618
-0.003434
0.005007
-0.004866
-0.009134
0.009846
-0.006095
-0.002137
-0.000571
-0.009701
0.003756
0.009041
-0.005522
-0.007404
-0.002229
0.011923
-0.000437
-0.002002
-0.006408
-0.003101
0.001768
0.014853
0.001639
0.010535
0.006428
0.006869
-0.010230
-0.019424
0.009153
0.002344
-0.004635
0.002933
-0.001441
0.005839
0.004866
0.000503
0.002203
0.004232
0.009869
0.008313
0.007258
-0.003275
0.013060
0.003984
-0.001591
-0.003918
0.004066
0.008286
-0.013462
-0.003003
-0.008074
0.005988
0.000171
-0.001199
-0.003676
0.003105
-0.005608
-0.002290
-0.001328
0.007273
-0.002280
0.012077
0.000277
0.007536
0.013075
-0.006481
-0.002844
-0.014309
-0.005152
0.003928
0.003922
-0.015006
0.006471
0.006228
0.008034
0.010437
-0.006597
0.007876
-0.003078
0.002423
0.001900
0.002754
0.000681
-0.003990
0.010955
0.002055
0.002985
-0.005973
0.001555
-0.005529
0.005553
0.002291
-0.006396
0.014342
0.019533
-0.001114
-0.001590
0.003353
0.001811
0.004823
-0.013745
0.004890
0.001601
0.010638
-0.004860
0.011070
-0.007983
-0.000979
0.008205
-0.015460
0.008593
-0.012716
-0.015558
0.004330
0.003628
0.006572
-0.006806
0.000506
0.004265
0.005689
0.007675
-0.003433
0.004394
0.000402
0.012134
-0.004490
-0.007897
-0.003112
-0.008691
-0.001895
0.000332
-0.012773
0.005015
-0.003138
-0.006574
-0.006634
0.004674
0.000033
-0.006455
0.004911
0.005341
0.000417
-0.015791
0.004084
0.001185
0.010246
0.000243
-0.007276
0.006823
-0.005196
-0.014838
0.001222
-0.002575
-0.005231
0.008474
0.006014
-0.005163
0.014117
0.007289
0.001995
-0.004476
0.015463
-0.018000
0.000914
-0.002874
0.006925
0.005969
0.017326
-0.001509
0.014671
-0.008757
0.000464
-0.008870
0.004985
-0.000875
-0.004561
0.001049
0.000173
-0.000754
0.004316
0.004363
-0.002081
0.010824
-0.006561
-0.002805
-0.004853
-0.003131
0.004591
0.002849
-0.007018
0.009734
-0.015866
0.002556
-0.003960
-0.001102
-0.001746
-0.001135
-0.000347
0.002279
0.010469
0.003285
0.001981
0.002262
0.002029
-0.000142
-0.003089
-0.005626
-0.000483
-0.001984
-0.006471
0.006372
0.000676
-0.003447
0.002616
0.009376
-0.010117
0.003982
0.003564
-0.011474
-0.003719
0.001661
0.001462
-0.009819
-0.005638
-0.001602
0.012406
0.003608
-0.000936
0.000512
0.000501
0.000124
-0.005565
0.005173
-0.008314
-0.008792
0.000445
0.000312
0.014929
-0.000647
0.002303
-0.001531
-0.004070
-0.010742
-0.008841
0.004513
0.006920
0.006255
-0.004015
0.001207
-0.012244
-0.005436
0.000932
0.005032
-0.007209
-0.002254
0.009087
0.000986
-0.005515
0.005122
0.010588
0.001032
-0.003189
-0.011477
0.013782
-0.011972
-0.009515
0.005046
0.017830
-0.000930
0.007099
0.011548
-0.008528
-0.001953
-0.004089
0.002167
-0.003230
-0.010246
-0.002553
-0.001035
-0.005959
0.003292
0.020015
-0.008033
0.006144
0.005859
0.000275
0.003498
-0.007832
-0.008701
0.003016
0.013823
-0.003189
-0.011744
-0.004165
-0.004922
0.000749
0.005514
0.003731
-0.010232
-0.002896
0.009051
0.009223
0.002150
0.011588
0.014271
-0.001603
0.002644
0.000804
-0.008807
0.001826
-0.006613
0.009365
0.000622
-0.001143
-0.017014
-0.008569
0.014740
0.013729
-0.011498
-0.016057
0.003997
-0.001467
-0.014902
0.009762
0.011869
0.005853
-0.011996
-0.014698
0.004668
0.009195
-0.001661
0.014690
0.003928
0.004725
0.000291
-0.004402
-0.001526
0.003779
-0.009751
0.007120
-0.003999
0.003597
-0.000524
0.000957
-0.013202
0.014353
-0.001717
0.005559
-0.004303
-0.014410
-0.006975
-0.007568
-0.001838
-0.000704
0.004137
-0.016668
-0.012446
-0.000379
-0.005971
-0.009769
0.007399
0.000335
0.002647
-0.007403
0.005837
0.004297
-0.006985
-0.000320
-0.007946
0.000836
0.025080
0.012495
0.011249
-0.007907
0.000956
0.000437
-0.000071
0.006136
0.013223
-0.000245
-0.009790
-0.007280
0.004076
0.000175
0.007192
-0.010215
-0.000039
0.003977
-0.010412
0.018688
0.000484
0.005916
-0.004022
0.003425
-0.008601
-0.013288
0.000200
0.006727
-0.010769
0.011500
-0.007098
-0.007266
0.001412
0.003107
-0.001506
0.000692
-0.013520
0.000546
-0.004373
0.001368
-0.009696
0.008944
0.000194
-0.003711
0.008489
-0.000155
-0.002096
0.001872
-0.002646
-0.015427
0.004378
-0.002819
-0.019997
-0.012721
0.008007
-0.008981
0.002104
0.002398
0.007998
-0.011758
-0.009689
0.004915
0.002453
-0.004949
0.004801
-0.002056
-0.014283
-0.002723
-0.008016
0.013440
0.001793
0.005177
0.010638
0.002466
0.002181
0.006655
0.003681
0.003784
0.000706
-0.000937
0.015925
-0.012166
0.015576
-0.000858
-0.009007
0.005341
0.007210
-0.006161
-0.004191
-0.007732
0.002817
-0.002837
-0.012252
-0.001841
0.007379
0.004574
-0.006403
-0.005273
-0.014712
-0.008008
-0.003098
0.004555
-0.006009
-0.002366
-0.002456
0.017297
0.002851
-0.013914
0.000724
-0.006905
-0.006256
0.001187
-0.008845
-0.012396
0.002462
0.009916
0.010232
-0.008623
-0.000981
-0.001256
0.004148
-0.005065
0.001495
0.004037
0.009407
-0.012401
-0.002799
-0.004869
0.010039
0.006761
0.012357
0.006414
-0.007479
0.007380
0.008105
-0.000645
0.005792
-0.004720
0.009394
-0.002370
-0.002558
-0.017087
-0.013965
-0.018744
0.001617
0.015671
0.004791
-0.016057
-0.000257
0.011392
0.003376
0.000708
-0.010391
-0.000424
-0.006950
0.001019
0.009495
-0.004733
-0.006428
0.014115
-0.003235
0.002854
0.009011
0.006636
-0.016785
0.011301
0.004371
0.003072
-0.003723
-0.001466
-0.002837
0.016384
-0.007116
0.012236
-0.001833
0.010991
-0.006445
-0.007179
-0.001461
0.000327
0.009351
0.017572
0.008996
-0.001168
0.000425
-0.002236
-0.006904
0.000039
-0.002557
-0.005650
-0.003704
-0.016782
0.007582
-0.004221
0.000694
-0.010224
-0.007868
-0.003361
0.003387
0.002590
0.003098
-0.004837
-0.001339
0.004514
-0.004416
-0.010999
-0.006058
-0.003904
-0.013441
0.004692
0.000397
0.004555
-0.006581
0.000634
-0.003587
-0.003721
-0.004363
-0.003304
-0.008223
-0.007583
0.003615
-0.021211
-0.000790
0.013571
-0.008428
-0.003133
-0.008658
0.008019
0.001419
0.012751
0.002205
0.001355
-0.012899
0.008727
0.005905
0.003468
0.014898
0.000689
-0.013305
0.004243
0.002033
0.007133
-0.003449
0.002909
-0.006072
-0.003446
0.006903
-0.002860
-0.004826
-0.003519
-0.004590
0.003068
0.002807
-0.005568
-0.005034
0.005161
-0.001765
0.001318
-0.009431
0.007133
0.003257
0.001530
-0.012497
-0.003911
0.009872
0.017906
-0.016576
-0.002135
0.004138
0.014535
0.000203
-0.001450
0.009145
0.000144
0.002204
0.014286
-0.003127
0.004176
0.001895
-0.002738
0.013434
-0.001426
-0.006673
-0.017260
0.001198
-0.008016
0.008704
-0.006455
0.014953
0.003335
0.000762
-0.019665
-0.006002
0.010146
-0.003848
0.002909
-0.000702
0.007551
-0.005046
-0.003378
-0.006787
-0.002999
-0.002184
0.007817
0.000560
0.000820
0.000502
-0.002095
-0.004364
0.000029
0.008915
0.006958
0.007553
0.000569
0.004153
-0.011292
0.001123
-0.008888
0.006122
-0.001216
0.000639
0.010309
-0.009149
-0.005934
-0.012653
-0.009824
-0.005232
-0.002124
-0.000307
0.001427
0.006602
-0.002877
0.001149
-0.002328
0.012178
0.012605
0.002265
-0.002620
0.004512
0.006316
-0.007159
-0.004177
-0.003168
0.004439
0.003095
0.003477
0.016390
0.006563
-0.008648
0.008186
-0.008078
0.004900
0.005342
-0.001478
0.005718
-0.000352
-0.000286
0.012707
0.003442
-0.001019
0.003969
0.006515
0.001446
0.006886
0.011296
0.010613
0.009044
-0.008667
0.000337
0.005903
-0.000126
-0.000604
-0.003594
-0.002007
0.000714
0.000979
-0.011907
-0.004291
0.013242
-0.002680
0.003379
0.011620
-0.016527
0.006615
-0.003511
0.013636
-0.000134
0.007995
0.008007
-0.000382
0.003566
-0.004587
-0.009885
0.010562
-0.006673
-0.002076
-0.011464
-0.006321
-0.008729
-0.010691
-0.006660
-0.004235
0.003409
0.012287
0.010396
-0.003154
0.008452
-0.004691
0.004679
-0.006405
0.000263
0.013200
-0.013757
-0.007038
-0.002072
-0.006156
0.005262
0.001396
-0.006931
0.020105
-0.006041
0.002458
-0.001864
0.000139
-0.003101
0.003473
0.007711
-0.000601
-0.011377
-0.006198
-0.002418
0.009417
0.004240
0.008834
-0.008788
-0.001356
0.000680
-0.000191
0.002712
-0.008823
0.007402
-0.004604
0.000175
0.011943
-0.001670
0.008011
-0.005259
-0.004381
-0.000593
0.010901
0.003583
-0.013899
-0.003271
0.011807
0.001514
0.005560
0.004292
0.007800
-0.000087
0.003674
-0.003005
0.007991
-0.003508
-0.003592
-0.003840
-0.005611
0.001539
0.000979
0.001992
0.005498
0.005552
0.003222
0.003519
-0.013361
-0.002558
0.012778
0.003049
0.009270
0.008134
0.002218
0.006574
0.010972
-0.008018
0.010868
-0.016667
-0.003627
-0.002046
0.002573
0.001913
0.004981
-0.014273
-0.004534
0.002931
-0.002466
0.007083
0.022260
-0.013047
-0.009155
0.014387
-0.006219
-0.010014
-0.005892
0.003187
0.009762
0.000060
-0.008876
-0.000436
0.005388
-0.010957
-0.014141
0.003618
0.009976
0.000333
0.010352
0.003077
0.010219
-0.001756
-0.008680
0.010248
0.014651
-0.007170
-0.004747
-0.007822
0.008785
0.004514
-0.010364
-0.010284
0.002144
-0.000212
0.002720
-0.002423
0.009462
-0.002405
0.004628
0.001382
-0.010247
0.008819
0.011077
-0.013491
-0.012763
0.004560
0.007152
0.012256
-0.008266
0.007062
0.000121
-0.004141
-0.006666
-0.019538
-0.005050
-0.014621
0.000807
-0.011131
0.007571
-0.005815
-0.011516
-0.001429
-0.002595
0.001494
-0.001886
0.002936
-0.006515
0.000355
0.002913
0.003082
-0.001003
0.013768
0.004561
-0.013643
-0.004448
-0.016584
-0.007431
0.003418
0.000198
0.010213
-0.000032
0.001004
-0.006146
-0.007324
0.011084
-0.008665
-0.010422
0.009006
0.000482
0.004633
0.010593
-0.004489
0.001708
0.008895
0.006543
-0.003370
0.004138
0.012082
0.001874
0.011860
0.005863
-0.002490
0.002421
0.002459
0.000228
0.003124
0.000623
0.001355
-0.011912
0.009836
-0.005770
0.008062
-0.012136
-0.008077
-0.003345
-0.003142
0.001132
-0.000941
0.006100
0.009986
0.002668
-0.007201
0.006296
-0.007104
-0.005351
0.002130
-0.003338
-0.008553
0.004691
-0.003704
0.006288
-0.003804
-0.006633
0.005888
0.013504
0.004934
-0.012098
0.011346
-0.000469
0.005143
0.006747
-0.006728
-0.006325
0.001122
-0.007970
-0.000593
0.001544
-0.008750
-0.009428
-0.021460
-0.005331
-0.003179
0.009866
0.014213
0.004834
-0.013129
0.006879
-0.000059
0.012179
-0.004734
0.015026
-0.009708
-0.008560
-0.005453
0.007985
0.001180
-0.005172
-0.002504
0.002706
-0.010331
0.011368
-0.002917
-0.006464
-0.004570
-0.014664
0.000489
-0.011708
0.000478
0.005223
-0.002888
-0.006781
-0.001763
-0.001794
0.001061
0.003223
-0.004239
0.011297
0.000755
0.000043
0.003278
-0.005707
0.004673
0.013515
-0.011685
-0.015311
-0.011717
-0.000600
0.001522
0.008724
-0.003031
-0.014424
0.012029
0.006837
0.003358
-0.009460
0.008417
0.009665
0.006710
-0.005629
-0.004092
-0.008238
-0.005588
0.004332
0.001303
-0.012486
0.015153
-0.007488
0.004509
0.012786
-0.010013
0.003535
0.000750
0.001059
0.013701
-0.007434
0.007987
0.000149
-0.010534
0.004686
-0.003968
0.018507
0.002165
0.002891
0.004495
-0.006562
0.001562
0.008647
0.001624
-0.007737
-0.000949
0.000632
-0.009809
0.009718
-0.008064
0.011463
0.001303
-0.009129
-0.000357
-0.011310
-0.008454
0.004738
-0.008232
-0.010280
0.003952
0.004945
-0.008470
-0.013498
0.006378
0.009014
-0.004752
0.000061
-0.002434
-0.012094
-0.002369
-0.001146
0.012511
0.006382
-0.012548
-0.002682
-0.005518
-0.016713
-0.001775
0.014938
-0.000448
0.002960
0.006605
-0.003352
-0.003360
-0.005109
-0.004513
0.014005
-0.011619
0.000446
0.002554
0.012816
-0.005081
-0.011446
-0.015687
0.015462
-0.003890
0.007205
0.010523
-0.004498
-0.000577
0.003178
0.009211
0.001746
-0.004962
0.001123
0.013689
-0.013735
0.004652
0.005357
-0.005029
-0.013607
0.004959
-0.004906
0.010396
0.005076
0.000428
-0.001430
-0.009867
0.005869
0.007741
0.009535
0.000403
-0.013044
0.003116
0.004659
-0.010626
0.002731
0.002892
0.001718
0.013382
0.001786
-0.003632
0.007696
0.008728
0.003578
-0.009027
-0.003694
0.000075
-0.004150
0.003185
0.003195
-0.002774
0.002526
0.004794
0.000562
-0.000787
0.010704
-0.004182
-0.006696
0.000114
0.001430
-0.007060
0.005593
0.000410
-0.002123
-0.018056
-0.015954
0.000779
0.005043
0.012574
0.016839
0.011237
0.000207
-0.013216
0.010580
-0.004705
-0.007116
0.000441
-0.009423
0.000545
-0.006505
0.000799
0.005231
0.004137
-0.010758
0.011036
0.002034
-0.011145
-0.007005
0.000506
0.002623
-0.006310
-0.001825
0.006443
-0.002571
0.003122
0.003637
-0.012356
-0.003616
-0.002312
0.007187
-0.009212
0.007024
0.013991
0.001516
0.010542
-0.007259
0.012086
0.007947
0.007077
-0.002022
0.008180
0.001984
0.017179
-0.013929
-0.010806
-0.004975
0.005796
0.006307
-0.002859
0.005427
0.000019
-0.011276
-0.002588
-0.006647
-0.005994
-0.006692
-0.009422
0.000720
-0.004564
-0.003476
0.008276
-0.015043
-0.028396
-0.000037
-0.002969
-0.006147
0.005858
0.011254
0.000589
0.005510
0.002392
0.005495
0.001570
0.006346
-0.003567
-0.000476
0.004004
0.008946
-0.007970
0.008784
0.009317
0.001830
-0.003068
-0.003560
0.003214
-0.005254
-0.002294
0.002879
-0.007811
0.002306
-0.004637
0.004323
0.000496
-0.011044
0.009890
-0.003117
0.009664
-0.011717
-0.002041
0.003128
0.005869
0.005472
-0.003493
-0.001641
0.010546
-0.004925
-0.008048
-0.000301
-0.005901
-0.002112
0.001926
0.016060
0.013914
-0.005141
-0.004494
0.015990
-0.000394
0.004996
0.006884
-0.001083
0.013014
-0.011388
0.001649
-0.010598
0.002407
-0.013877
-0.006718
0.003174
-0.002715
-0.002596
0.006275
-0.008628
-0.008026
-0.014930
0.011311
0.005747
-0.017877
0.000425
0.004877
-0.004879
0.000409
-0.004199
0.007520
0.011766
0.002219
-0.011994
-0.005647
-0.008706
0.001430
-0.001442
0.006092
-0.001455
0.004331
-0.016525
0.003864
0.003298
0.006509
0.000976
-0.007595
-0.000402
-0.004443
0.000316
0.002555
-0.009632
-0.009458
-0.002780
0.009748
-0.000281
0.009562
-0.000148
0.004568
-0.003150
-0.004896
0.003559
0.000612
0.009805
0.006991
0.000791
0.002708
0.001432
-0.002010
-0.000315
-0.003951
0.007113
-0.005336
-0.000316
0.006747
0.012356
-0.003955
0.013185
-0.002284
0.001496
-0.015371
0.003930
-0.015443
0.004999
-0.003841
0.001201
0.004912
0.012829
0.005893
0.006774
-0.003153
0.001131
-0.002009
-0.002706
-0.016769
0.012777
0.000085
-0.006028
-0.012825
0.005989
-0.009120
-0.001227
-0.003861
0.001761
0.001471
0.008160
0.011616
0.017018
0.003362
0.002064
0.003610
-0.006112
0.017341
-0.008593
0.014248
-0.004770
-0.009883
-0.000897
0.008159
0.002985
-0.003463
-0.010136
0.009095
-0.005645
-0.007472
0.005325
-0.004291
-0.002636
-0.008144
-0.002200
-0.012250
0.006311
0.010015
0.001891
-0.004145
0.001251
-0.007836
0.004331
0.008755
0.008659
0.000358
-0.016411
0.007958
-0.002128
0.010280
0.012736
-0.009674
0.013470
0.001392
0.001639
0.006409
-0.004994
0.000826
-0.000006
-0.010132
0.000202
-0.002955
-0.010209
0.010598
-0.007861
-0.001091
0.005534
0.015702
-0.007939
-0.008674
-0.004730
-0.001863
0.019214
-0.010007
0.010685
0.002752
-0.004349
-0.013857
0.000183
-0.014739
0.011137
0.012341
0.006064
0.008888
-0.006016
-0.002532
0.004124
0.001715
-0.004600
-0.005314
-0.005322
0.001909
-0.007798
-0.001274
0.001282
-0.008183
-0.013619
-0.004687
0.010880
-0.008735
-0.004936
0.005106
-0.004811
-0.004826
0.005749
-0.005502
-0.009237
-0.009318
-0.013554
-0.005643
-0.015807
-0.005081
-0.000313
-0.005489
0.006505
0.004248
-0.004769
-0.003138
-0.007211
0.003267
0.002890
0.009398
0.008198
-0.008632
-0.000294
-0.003940
0.001252
-0.003145
0.001909
-0.005768
0.012383
-0.003018
-0.009237
-0.010854
0.005691
0.014263
-0.001232
0.014716
0.008504
-0.002056
-0.007495
-0.001911
-0.009496
0.011554
-0.002836
0.004411
-0.001094
-0.007966
-0.012682
0.004003
-0.013529
-0.003523
-0.003940
0.006273
-0.005836
0.009234
-0.004161
-0.007432
0.013663
0.005054
0.000319
0.004006
0.002718
-0.003297
0.006407
-0.007860
0.003820
-0.019428
-0.002710
-0.009276
0.006668
0.002871
0.000369
0.013236
0.022429
0.011736
0.002729
0.006210
0.004717
0.000531
-0.001369
-0.012537
0.007184
0.002110
-0.000607
-0.004840
0.009324
-0.008662
-0.006229
0.002452
-0.003127
0.005935
-0.001218
-0.008551
0.013946
0.017799
0.005639
0.005772
-0.009923
0.006096
-0.005710
-0.008512
0.016177
0.014727
0.001210
-0.008015
-0.007376
-0.002499
0.002009
0.005838
-0.000254
-0.013514
0.000411
0.001028
0.005339
0.002168
-0.008853
0.004554
0.007914
-0.006832
0.003672
-0.001622
-0.000139
-0.003875
0.001671
-0.010623
-0.004569
-0.006736
0.018909
0.012064
-0.007660
0.010005
0.005300
-0.007364
-0.001688
-0.000303
0.003842
0.008223
-0.004451
-0.009834
0.005563
0.010598
0.002102
0.005297
0.001120
-0.015239
0.004850
-0.006412
0.002854
0.006613
0.009582
-0.007227
0.013654
-0.005982
0.007896
0.004363
0.001064
0.007149
0.004005
0.000830
0.001877
-0.002688
-0.007547
0.005732
0.013789
0.006682
-0.001449
-0.004110
0.000123
-0.005890
0.007210
0.015025
-0.009686
-0.002619
0.002899
-0.007645
0.004727
-0.011961
-0.007853
-0.007065
-0.011470
-0.004750
-0.006804
0.010351
-0.001190
-0.004098
0.013068
0.000091
0.004013
-0.002056
-0.000414
0.001418
0.008826
0.008488
-0.006564
0.002819
-0.000646
-0.011313
0.008143
0.011756
-0.006474
0.010299
0.000869
0.008279
0.013365
0.007050
0.008578
-0.011297
0.009997
-0.008005
0.003556
-0.001724
0.007519
-0.000225
0.001245
0.002108
0.001184
-0.008112
0.004881
0.002354
0.002179
0.001466
0.000177
0.001596
-0.010641
-0.012299
-0.007441
-0.010000
0.001557
0.007863
0.000369
0.002771
-0.005916
-0.012987
0.002302
0.002564
-0.004051
0.028955
0.004908
-0.004984
0.000221
0.009841
-0.008767
0.009815
-0.003389
-0.001773
-0.005560
-0.012017
0.000210
-0.005077
0.006489
-0.005199
0.007149
-0.002517
0.007920
0.012639
0.009716
0.005391
-0.006051
-0.015119
-0.010597
0.011968
-0.004331
-0.004158
-0.002180
-0.023178
-0.010250
-0.009034
0.006949
-0.017764
-0.000567
-0.006340
0.001487
0.001590
-0.010425
0.006780
0.001394
-0.000627
-0.004774
0.004141
-0.005511
-0.006858
0.004017
0.010302
-0.000133
0.000996
0.007910
0.000212
-0.008656
0.000159
0.001944
-0.005943
0.007222
-0.022227
-0.007914
-0.007250
-0.009321
0.007847
-0.000863
-0.000478
0.003564
-0.001195
-0.000194
-0.008180
0.013101
-0.000010
0.010032
-0.005079
-0.016957
0.011196
-0.004357
-0.019988
-0.002938
0.006276
-0.003909
-0.000547
-0.014940
-0.000535
0.003809
0.006078
0.007809
-0.001638
0.007447
0.002642
0.000066
0.013258
-0.009020
0.000432
0.014919
-0.002770
0.008735
-0.006511
-0.004255
-0.001129
-0.002551
-0.005568
-0.001488
0.004840
0.008014
0.011546
-0.007063
-0.004716
0.000442
0.008334
0.003600
0.006418
-0.005784
0.004377
-0.004289
-0.011393
-0.002895
0.006573
-0.006312
-0.017272
0.003613
0.000080
0.011280
0.001239
0.004465
-0.013221
0.000582
-0.009832
0.007651
-0.007261
0.003282
-0.001913
-0.002144
0.001621
-0.013942
0.001895
0.002582
0.008939
-0.014501
0.004009
0.005389
-0.013355
0.009038
0.003108
-0.005115
0.016993
-0.003644
-0.013215
0.008888
-0.008187
-0.010651
0.017417
0.011017
-0.002164
-0.012380
-0.007497
-0.002313
-0.009795
-0.008146
-0.001302
-0.005082
0.007196
-0.004501
0.005235
0.005621
-0.008056
0.001160
0.004196
-0.005392
0.001039
0.000160
-0.009574
-0.000317
-0.014108
0.008177
-0.003516
0.000373
-0.008135
0.006012
0.003954
0.011569
0.010776
0.006406
-0.002950
0.000887
-0.002697
0.004252
-0.011115
-0.012751
0.003048
-0.005692
-0.006200
-0.000569
-0.014576
-0.002694
0.000955
0.005372
-0.000476
-0.008182
-0.012708
-0.010469
0.006995
-0.010489
0.004429
-0.001928
-0.001941
0.008557
0.000144
-0.000473
-0.001817
0.000966
-0.000380
0.013114
0.008196
-0.009707
0.002108
0.001376
-0.005829
0.005832
-0.010346
-0.002357
0.014445
0.006630
0.000465
-0.002784
-0.006068
-0.005356
-0.001978
-0.002630
0.007751
-0.021835
0.007521
-0.007118
0.000100
0.000879
-0.003460
-0.013531
-0.006180
-0.003238
0.001666
0.001605
0.000067
-0.006469
-0.011606
0.007885
-0.004582
-0.000798
0.008029
0.001197
-0.010621
-0.000711
0.008784
0.000821
-0.006556
-0.005467
0.013104
-0.000387
0.004394
0.010107
0.007654
-0.001787
-0.002433
0.016921
0.004095
-0.004710
-0.010772
-0.009122
-0.006303
0.012454
0.003107
-0.006749
-0.001544
-0.004902
0.005828
-0.003094
0.002180
0.004280
0.007277
-0.024584
-0.000463
-0.003408
0.003197
-0.001949
0.004785
-0.005327
-0.006057
-0.002351
0.011345
-0.006328
-0.001979
-0.003825
-0.000089
-0.008789
-0.006352
0.006484
0.002346
-0.006379
0.002125
0.006466
0.016869
-0.008196
-0.002082
0.019736
0.000106
0.001334
-0.002255
0.004916
-0.016629
-0.017136
-0.005489
0.011583
-0.002012
-0.003957
0.002470
-0.003713
-0.002921
-0.006939
0.012885
-0.005140
0.001870
-0.003704
0.012415
-0.008299
-0.001146
-0.013814
0.004604
-0.009883
0.000798
0.006447
-0.001774
0.000513
-0.005346
-0.004449
0.006428
-0.001990
-0.003523
0.003572
-0.006098
-0.005944
-0.017852
-0.011073
-0.000737
-0.024198
0.004694
-0.004382
-0.008938
-0.011366
-0.009811
-0.010963
-0.004598
0.008220
-0.002687
-0.002831
0.009413
0.005635
-0.003313
-0.006901
-0.001603
0.008034
0.001428
-0.002723
-0.016913
-0.005175
-0.005179
0.000560
0.005538
0.000081
-0.002977
-0.007546
0.006381
-0.003123
-0.008530
0.001940
0.010338
-0.006213
0.006085
-0.001822
-0.002822
-0.003568
-0.002935
0.008718
0.007846
-0.011086
0.007154
0.005676
0.004059
0.005447
0.010020
-0.011347
0.008373
0.005746
-0.002771
-0.006733
0.014394
-0.007150
0.000443
-0.002491
0.002573
-0.002845
-0.007632
0.011107
0.020871
0.004107
-0.007264
-0.013160
0.006089
0.009237
0.015108
0.005498
-0.009034
0.001447
0.010213
-0.000913
-0.001217
0.005619
0.008461
-0.011374
0.007164
0.005957
0.000327
0.008685
-0.005659
0.004343
-0.007403
0.000031
-0.009745
0.002172
0.008608
0.002261
-0.014596
0.005539
-0.011493
-0.009591
0.006042
-0.009782
-0.007903
0.006365
0.004561
-0.003021
-0.004930
0.013958
-0.003712
0.006609
-0.000494
-0.010756
-0.003545
-0.008693
0.010398
0.001406
0.015516
0.008891
0.006611
-0.011377
-0.002822
-0.011034
-0.005302
0.007728
0.005978
0.013227
0.014972
-0.001621
0.001722
-0.008056
0.002423
0.008504
-0.006355
0.007030
0.007043
0.013168
0.001286
0.006135
-0.002348
0.018865
-0.005331
-0.007254
0.003939
-0.011097
0.006372
0.008456
0.007554
-0.006950
0.007700
0.003158
-0.009325
0.001849
0.003165
0.001080
-0.021748
0.005104
0.008980
-0.003589
0.006578
-0.004386
-0.004524
0.008191
0.000931
0.001893
-0.004640
0.018246
0.009449
0.013795
-0.010230
0.004955
-0.003508
-0.004411
-0.008450
0.002942
0.008471
-0.019008
-0.004934
-0.009773
0.003473
-0.006937
-0.012162
-0.009135
-0.009205
-0.002681
-0.017278
0.000032
0.001863
0.000994
0.001058
0.008849
0.000461
0.000027
0.012400
0.000790
0.002786
0.011967
0.001591
0.005896
0.009721
-0.004604
-0.004137
-0.007451
0.002454
-0.003743
0.000013
0.002997
0.007809
-0.002380
-0.008473
-0.015438
0.010301
0.002235
-0.001782
0.011294
-0.000700
0.005119
-0.002122
0.000638
-0.013382
0.010717
0.006367
0.005222
0.001801
0.007995
-0.011677
-0.006160
-0.005964
0.005538
-0.004081
0.002368
-0.002000
-0.007434
0.007823
-0.009033
-0.000900
-0.015264
0.002890
-0.008443
-0.001881
-0.011311
-0.015273
0.001216
0.009612
-0.007687
0.012210
-0.010669
-0.011905
0.019798
-0.005996
0.000747
-0.006046
-0.003259
-0.005052
0.005023
0.012002
-0.013396
0.010034
0.007293
-0.002459
0.000694
0.002758
0.001444
0.001308
0.006094
0.001055
0.008689
-0.011239
-0.004078
-0.016899
-0.004174
0.011265
0.011581
-0.014737
0.007710
-0.000810
-0.001034
-0.006033
0.000739
0.004887
0.010487
-0.008955
-0.002064
-0.016114
0.006169
0.004629
-0.000233
-0.000096
0.004728
-0.007959
-0.011108
0.003655
0.005972
0.005915
0.002943
0.002146
-0.017993
-0.013024
-0.021509
-0.012231
-0.002956
0.016469
0.002155
-0.000355
-0.004462
-0.001148
0.007021
-0.006311
0.003289
-0.009188
0.003502
-0.005502
0.008187
-0.000137
-0.014849
-0.008118
-0.011140
0.002573
-0.014801
-0.001706
0.000197
-0.006931
0.001851
0.000825
-0.002783
0.003430
0.000787
0.001379
-0.008435
0.004571
0.008575
0.001220
-0.007689
-0.009035
0.018343
-0.009439
-0.010233
-0.001259
-0.002568
-0.001743
-0.003559
0.004428
-0.010156
0.002471
0.017025
0.018490
-0.006651
-0.008231
0.002785
-0.010274
0.006097
0.000491
-0.003314
-0.008462
-0.002256
0.000579
-0.005772
-0.003197
-0.006651
0.003521
0.011890
0.013416
0.010559
0.014422
-0.018986
0.002280
0.003986
0.001489
-0.000892
-0.004461
0.006694
0.012227
0.005553
0.000069
-0.006853
0.005905
-0.003602
0.002274
-0.004623
0.010841
-0.018735
-0.015426
-0.002843
-0.011452
0.001701
0.009706
0.002301
0.006139
0.008397
0.000989
-0.001250
0.000299
-0.007053
0.005866
-0.005875
-0.001763
-0.010402
0.013361
0.010811
0.013540
-0.003595
0.000193
0.006627
0.005071
0.010597
-0.005347
0.002737
0.010435
0.013954
0.009574
0.008904
0.000699
-0.016159
-0.000082
-0.000401
-0.000070
0.006134
-0.001827
0.006559
0.001014
-0.007031
-0.003314
0.005588
-0.006406
0.003215
-0.014221
-0.004511
-0.006057
-0.002034
0.002199
0.000876
0.012397
-0.001844
0.012949
-0.005682
-0.004622
-0.003587
-0.003624
0.003240
0.009084
-0.008587
-0.009296
0.003524
-0.004004
-0.003160
-0.003349
-0.001309
-0.014482
0.011448
-0.002551
-0.001390
-0.013601
-0.003989
-0.000439
-0.007537
-0.000631
-0.022706
-0.004488
-0.014056
0.015367
0.013798
-0.006715
-0.007212
0.006309
-0.009467
-0.001250
-0.012840
0.025220
0.004115
-0.011511
-0.001812
-0.003188
0.002785
0.009198
-0.005316
-0.003838
-0.001225
-0.007103
-0.011749
-0.003670
0.012663
-0.010933
0.002478
0.002204
0.004872
-0.006544
0.014960
0.012192
-0.000291
0.009298
-0.010112
0.005086
-0.015264
-0.009108
0.007884
0.002872
-0.003319
-0.001713
-0.003937
0.012102
0.010424
-0.004569
-0.000692
-0.003282
-0.002956
-0.001611
-0.007725
0.012013
-0.007624
-0.011035
0.007043
0.007022
-0.003783
0.003749
0.006039
0.000268
0.002392
0.004678
0.004519
0.003237
0.005097
-0.008234
-0.010167
-0.000110
-0.000658
-0.004938
-0.007689
-0.009227
-0.002640
0.002805
-0.006002
-0.006695
-0.004830
-0.007677
0.002192
0.011718
0.002950
0.003284
-0.002036
-0.010372
0.011870
0.014935
-0.005540
-0.003312
-0.010172
-0.004686
-0.005165
-0.011060
-0.007890
0.001551
-0.003102
-0.009206
-0.001774
0.002203
-0.002354
-0.007213
-0.004011
-0.014632
0.010678
0.002636
-0.004245
-0.014273
0.001139
-0.006506
-0.009171
0.000451
-0.010831
0.008883
-0.013771
-0.010496
0.003937
-0.006511
-0.007837
0.009524
0.004583
-0.000999
-0.002073
-0.001462
-0.004923
0.003010
0.009670
-0.011248
-0.000868
0.003377
-0.002779
-0.004187
-0.002561
-0.000064
-0.002871
-0.009276
0.005495
-0.010147
0.009810
0.006291
0.010046
0.000781
0.005571
-0.004043
-0.002905
-0.004410
0.010114
-0.000076
-0.002712
0.008939
0.011144
0.003773
0.001472
-0.005225
-0.015597
-0.006064
0.002058
0.002639
0.009947
0.010675
0.014342
-0.003224
0.004994
0.009244
-0.006245
0.002899
0.012014
0.010478
0.007829
0.011175
0.001108
0.008566
-0.003763
-0.009803
-0.011432
0.005308
0.005677
-0.007420
0.000566
0.005975
-0.005417
-0.000870
0.004857
-0.006192
0.004910
-0.003379
-0.004914
0.000690
0.000269
-0.012532
0.009278
0.008651
-0.001872
0.015947
0.016580
-0.012692
0.002611
-0.005232
-0.001785
0.003103
0.011949
0.003435
0.010308
0.005765
0.004223
0.006597
0.006155
-0.000674
-0.002320
-0.014126
-0.017436
0.010527
-0.002852
-0.005088
-0.005293
0.017778
-0.008006
-0.005710
-0.002033
0.001520
-0.004489
-0.005076
0.003782
-0.003204
0.010746
0.003641
-0.014729
0.013390
-0.001249
0.010349
-0.003881
0.018576
-0.000379
-0.001905
-0.003524
0.009647
0.017176
-0.013911
0.010212
-0.000774
0.001970
0.012943
0.000104
-0.001009
0.013206
-0.002737
0.005025
0.008932
0.004567
-0.011960
0.000543
-0.005604
-0.004980
0.000268
0.006012
0.000220
0.000699
0.002689
-0.001841
0.007114
0.002304
0.000968
0.001110
0.000028
-0.007440
0.001472
0.002854
-0.011148
0.000959
-0.007524
0.009975
0.005519
0.010506
0.003491
0.012673
-0.003672
0.021855
-0.005531
-0.002273
-0.000229
0.005432
0.004043
0.000981
0.000039
0.003395
-0.004910
-0.008823
0.000467
0.002189
0.005130
-0.006647
-0.001772
0.006850
-0.004068
-0.009471
-0.008489
-0.001591
-0.002304
0.015659
0.006769
0.001912
-0.000819
0.008465
0.009080
0.009146
-0.012341
0.003986
-0.006252
0.003414
-0.008260
0.003016
0.005044
0.008606
-0.010093
0.001026
-0.001629
0.001604
0.015162
-0.024715
-0.009989
0.002711
0.005736
-0.005812
-0.004188
-0.001613
0.001255
0.010129
-0.007850
-0.005658
-0.008590
-0.016871
-0.015861
0.006370
-0.009056
0.005619
0.002434
0.003527
-0.006982
0.000433
0.019301
-0.001748
0.006988
-0.011993
-0.014458
-0.015364
-0.005229
0.000452
0.018665
0.014326
-0.006048
0.002970
-0.001432
0.018585
-0.003164
-0.005975
-0.002361
0.004275
-0.010390
0.005910
-0.013462
-0.009930
0.005645
-0.013371
0.007589
-0.000883
0.001310
-0.004999
0.005898
0.003189
0.009516
-0.014788
0.005499
-0.026444
0.004322
0.017158
0.000153
-0.019141
-0.004533
0.004105
0.007049
0.004565
-0.010836
-0.002199
-0.010619
-0.000564
0.009539
0.013263
-0.002404
0.002437
0.004824
-0.000629
-0.009381
0.009106
0.016981
-0.008288
-0.000175
-0.005397
-0.005053
0.006150
-0.001127
-0.003730
0.003435
-0.001026
-0.003083
-0.010707
-0.006821
-0.009816
-0.006281
-0.005776
-0.001228
0.017247
-0.005222
-0.008464
0.000652
-0.011400
-0.000558
-0.009913
-0.001657
-0.001905
0.012828
0.014668
-0.007749
-0.011031
-0.013076
-0.009016
-0.005007
-0.005814
0.005993
-0.000590
-0.011382
-0.005532
-0.004167
0.006193
-0.006517
0.011286
0.001856
0.002063
0.000809
-0.014125
0.002985
0.006342
0.003020
0.006441
0.001259
0.015767
0.006363
-0.007276
-0.005496
-0.004350
-0.001531
0.004556
-0.001663
0.001658
0.005497
0.007112
0.009876
0.004711
-0.009295
-0.011279
0.000071
-0.009362
0.006124
-0.004727
-0.004216
0.005326
0.007716
-0.007874
-0.007325
0.003425
-0.006985
0.002315
0.003614
0.000414
-0.002865
0.006382
-0.012541
-0.000589
0.004062
-0.003303
-0.015188
0.006036
-0.000332
0.012312
-0.016581
-0.009164
-0.003053
0.002695
-0.004536
0.008119
-0.008868
0.012362
0.009134
0.005961
0.000857
0.005214
-0.000844
-0.002374
0.001748
0.006333
0.002927
-0.001919
-0.001949
-0.006202
0.008581
-0.002910
-0.012805
0.005558
-0.003953
0.011490
0.008093
0.006084
-0.004635
-0.013627
0.006694
-0.001749
0.002911
-0.000087
0.006697
-0.000503
0.001103
-0.002008
-0.012790
-0.005729
0.016986
-0.004991
-0.001005
-0.030737
0.010718
-0.011627
-0.013498
0.006135
0.000571
-0.001703
0.009650
-0.007163
0.004507
-0.005106
-0.001593
-0.008411
-0.002530
0.002590
0.005037
0.004447
-0.001774
0.007352
-0.020505
-0.003188
-0.007988
0.010976
-0.003645
-0.006206
-0.008021
-0.011366
-0.006032
-0.024279
-0.004559
-0.002140
-0.008256
-0.000515
0.000967
0.004417
-0.012581
-0.003525
-0.005904
0.002891
0.016499
0.004363
-0.009487
0.007379
0.002475
-0.004826
-0.007474
-0.005810
0.006617
0.012767
0.010923
-0.004269
0.000272
0.004796
0.004750
0.002345
-0.003255
-0.004066
0.004359
0.003963
-0.008007
-0.000900
-0.001822
0.014819
-0.017766
0.006387
0.001358
0.000661
0.015073
0.004608
-0.001004
-0.007328
-0.002724
0.003113
-0.005412
0.000187
0.001460
-0.010605
0.004450
-0.008538
0.000497
0.003491
0.008192
-0.007269
-0.003501
-0.007481
0.006689
-0.009576
-0.006867
-0.010415
-0.003815
0.005397
-0.004784
0.015744
-0.017595
-0.010106
-0.003854
-0.013954
0.001586
0.012158
-0.007915
-0.003948
0.011776
0.007414
-0.009955
-0.004228
-0.008917
0.011127
-0.005657
0.004416
-0.001167
0.019897
0.011559
-0.009551
0.006988
-0.000701
0.006632
0.012237
0.008588
-0.000699
-0.017621
-0.008226
0.004347
-0.003481
-0.015447
-0.006127
-0.009569
-0.013058
0.003203
0.007917
0.001206
-0.003919
0.005345
0.000155
-0.009343
0.009709
-0.008775
0.006355
-0.001082
-0.008339
-0.010788
-0.003305
0.001902
0.014576
0.005358
0.005691
-0.002683
0.006170
0.003703
-0.002622
0.003671
-0.003025
-0.004803
-0.010724
0.001255
-0.016713
-0.012171
-0.004003
0.000585
0.006185
-0.005400
0.014317
0.005223
0.001013
0.006107
0.005833
0.002684
0.000035
-0.004025
0.005372
-0.010095
-0.002000
0.000981
0.000686
0.005358
0.000948
-0.001328
-0.000043
-0.001583
-0.005088
0.000153
0.003942
0.013576
-0.005526
-0.005940
-0.003964
0.004904
-0.003348
0.004655
-0.006229
0.001891
0.000742
0.001978
-0.008116
0.000200
0.001526
-0.010596
0.002926
-0.003962
-0.004922
0.011914
-0.006889
-0.009723
0.009368
0.004073
-0.002749
0.003317
-0.001609
-0.011018
0.006263
0.012318
-0.011680
-0.002832
0.006521
-0.013835
-0.000733
-0.005730
-0.001304
0.002297
0.000035
0.011351
0.005241
-0.012657
0.001390
0.000344
-0.000828
0.012290
0.007317
0.020749
0.000331
0.014654
-0.002418
0.008980
-0.000131
-0.018027
0.000881
0.002949
-0.000977
-0.003455
-0.002491
-0.001381
-0.005154
-0.002119
0.005184
0.005462
-0.001764
-0.006750
-0.001816
-0.010404
0.003068
0.005376
0.003555
-0.002546
-0.000789
-0.007601
0.001855
-0.008968
-0.006424
-0.002398
-0.005441
0.015993
0.000856
0.003611
0.013744
0.008234
0.012374
-0.007888
-0.005188
0.001476
-0.007288
0.016248
0.001865
-0.003784
-0.002922
-0.008969
-0.000775
-0.005152
-0.001531
0.000581
-0.004947
-0.002886
-0.002905
-0.001134
-0.007417
0.000700
0.013729
0.003205
-0.007716
0.006444
-0.008052
-0.003714
0.007845
-0.007374
-0.003733
0.003890
0.001160
-0.010192
0.002744
-0.008994
-0.010539
0.007425
-0.004307
-0.010360
-0.009007
-0.005375
-0.008189
-0.000426
-0.010869
0.008570
0.005078
-0.004872
0.014997
0.004257
0.010035
0.007658
-0.003622
0.000083
0.001716
-0.001288
-0.005866
0.002504
0.009724
0.003530
0.001145
0.000317
-0.001975
0.005064
0.002200
-0.008356
0.000802
-0.005222
-0.005689
-0.010021
-0.015169
0.002229
0.007042
-0.008669
-0.004928
-0.005497
0.006107
0.005603
0.012304
-0.016869
-0.007174
0.005100
0.009254
0.007665
-0.004972
-0.004293
0.005467
-0.002730
-0.008378
0.013031
0.003006
-0.002676
-0.004190
0.000706
-0.008511
0.006680
-0.003732
0.017842
0.001842
-0.008547
-0.005416
-0.001820
-0.003596
0.003100
-0.002153
0.001096
-0.006446
-0.012091
0.008747
0.004196
-0.002299
-0.002168
0.005054
0.004151
0.006209
0.015491
-0.004644
0.006682
-0.014121
0.005530
-0.007854
-0.006884
0.005136
0.007143
-0.002045
-0.003009
0.011003
0.002388
0.011383
-0.001146
-0.001133
-0.002912
-0.011428
-0.002389
-0.003333
-0.001811
0.014698
-0.009182
-0.006663
0.004981
-0.003446
0.002798
-0.005754
0.002024
0.007003
-0.005383
0.006258
0.003315
0.007379
-0.009261
0.000973
-0.002960
0.002148
0.006894
-0.011662
0.000492
0.011494
0.007177
0.000317
0.006779
-0.012050
0.005022
-0.008744
0.007047
0.012488
-0.011819
0.005411
0.003259
-0.006303
-0.008888
-0.002216
-0.015663
0.017153
0.009005
0.001357
-0.007618
0.003317
0.007484
-0.005527
-0.006228
-0.009801
0.011356
-0.001590
-0.002840
-0.003537
0.008226
-0.006324
-0.006278
0.005361
0.011461
0.013262
0.006674
-0.005257
0.012772
0.004695
0.003091
-0.007953
-0.002132
-0.010287
-0.005585
-0.001189
-0.007488
0.016086
0.002601
-0.010072
0.005063
0.003912
-0.003120
0.004368
0.003606
-0.011775
-0.000067
0.014877
-0.002924
-0.003015
-0.001974
-0.009087
-0.004585
-0.002535
-0.017292
0.008141
-0.012678
0.015690
0.002519
0.004953
-0.005191
0.006507
0.011455
0.001484
0.012533
-0.016486
0.018503
-0.000416
0.010955
0.001750
-0.003038
0.001914
0.018850
-0.013568
0.012302
-0.002745
-0.003856
-0.000148
0.000722
0.010910
-0.010384
0.005310
-0.008036
-0.006607
-0.000699
-0.007381
0.004951
-0.004957
-0.001929
0.003671
0.000568
0.003476
0.005199
-0.003580
-0.003993
-0.007627
0.005527
0.002248
0.012151
-0.001748
-0.007089
-0.000921
-0.002006
0.001896
0.008578
-0.003564
0.016077
-0.002255
0.007415
0.000834
0.013946
0.002645
0.008123
0.013032
0.005626
-0.013954
0.009070
-0.007219
-0.009425
0.013653
0.000399
-0.006692
-0.005992
-0.004007
-0.002969
0.014927
0.009521
0.002394
-0.002155
-0.004609
0.004656
0.010228
0.005522
-0.005192
-0.007255
-0.002861
-0.002408
-0.004573
0.002794
0.005821
-0.003076
-0.007135
-0.001656
-0.001050
0.013817
0.001757
-0.007850
0.009746
0.007299
0.005126
-0.005592
-0.006798
0.001296
0.005628
-0.011608
0.008822
0.004857
0.007892
-0.005567
-0.025973
-0.002496
-0.007104
-0.008838
0.002190
0.007137
0.000484
-0.009187
0.011481
0.006040
0.021394
0.006465
-0.009525
-0.008006
-0.001141
0.003161
-0.012261
-0.000072
-0.001484
-0.003724
0.002182
0.001128
0.000379
0.004310
-0.001471
-0.004879
-0.006449
0.004847
-0.001613
0.005725
0.005692
0.003912
0.000159
0.002260
-0.003202
0.004229
-0.000702
0.004233
-0.004174
-0.001575
-0.002502
0.010496
0.010643
-0.001608
-0.006240
0.009646
0.014737
0.007558
0.000246
0.002511
-0.021300
-0.007153
-0.001644
-0.004909
0.015472
0.000203
0.004176
-0.003539
-0.000747
-0.001486
0.017789
-0.002291
0.004198
0.004797
-0.006285
0.000633
0.008367
0.008329
0.001006
-0.002403
-0.006474
0.009794
0.005528
0.010240
0.002185
-0.005384
0.009500
-0.000536
-0.003644
-0.004275
0.001998
-0.004251
0.013482
-0.000046
0.001042
-0.004364
-0.005656
-0.000039
-0.006150
0.008264
-0.002956
0.004810
-0.002442
0.002968
0.007878
-0.006296
0.003468
0.004630
0.000615
0.008128
0.015783
0.010326
0.014903
-0.002735
-0.007508
-0.010861
0.005783
-0.007461
0.011311
-0.000598
-0.003831
-0.007804
0.003713
0.004439
-0.012366
-0.018340
0.013904
-0.005404
-0.008401
0.002663
0.005362
0.005462
0.000114
-0.000643
-0.002894
-0.005378
0.002996
0.003786
0.003188
-0.011561
-0.007376
0.004507
-0.002673
0.011021
-0.014196
-0.012114
0.008665
0.002506
-0.000402
0.002809
0.017427
-0.008311
0.005795
-0.011896
0.002655
0.010366
-0.009598
0.003420
0.010467
-0.004255
0.000771
-0.000095
-0.003930
-0.005774
-0.010543
-0.013755
-0.013304
-0.006128
-0.001947
0.001540
-0.000107
0.006107
-0.003722
0.012054
0.002464
0.005601
0.009076
-0.001501
-0.000220
-0.014552
0.000146
0.016677
-0.019053
-0.007689
-0.005864
-0.000060
-0.002691
-0.007343
-0.001927
0.012308
-0.006283
0.007974
0.005272
-0.010932
0.000048
0.011296
-0.011194
0.000025
0.008220
-0.002924
-0.001990
-0.004233
-0.007006
0.014409
-0.011912
-0.003797
-0.014502
0.012544
-0.013735
0.006182
0.009905
0.009684
-0.001076
-0.006918
0.004749
-0.011958
-0.009438
-0.006948
-0.003053
0.005097
0.005314
0.004351
-0.002716
0.009897
-0.007742
-0.005542
0.001240
-0.012991
-0.009042
0.009912
0.002478
0.000167
-0.010708
0.001313
0.001380
-0.010465
0.006217
-0.011272
-0.011482
-0.009682
-0.000686
0.007834
0.002597
0.004723
-0.007596
-0.006229
0.018209
0.010894
0.002592
-0.005867
-0.004855
0.010946
-0.008609
0.007226
-0.004078
-0.001186
-0.004271
-0.001899
0.009858
0.012494
-0.006668
-0.006270
0.007888
0.015290
-0.001737
0.003096
-0.006997
0.008033
0.001726
0.004904
0.006100
0.001809
-0.003532
-0.005543
0.018460
0.013474
0.006573
0.001630
0.002779
0.007301
0.003602
0.009445
-0.001989
-0.002435
0.003004
0.006846
0.008693
0.002283
-0.004929
0.004004
-0.000792
-0.011016
-0.012399
0.002170
0.014561
-0.011181
-0.007881
-0.005297
0.003173
-0.001792
-0.004504
0.011240
0.005874
-0.005464
-0.003092
-0.009802
-0.001227
0.009804
-0.000371
0.005855
-0.001370
-0.008193
-0.006127
0.000871
0.015347
0.011056
-0.001298
-0.001962
-0.009584
0.011296
0.010163
-0.008529
-0.004108
0.005904
0.002312
-0.006389
-0.000095
0.011064
-0.007360
-0.000831
0.002053
0.002771
0.008394
-0.000343
-0.003664
-0.014916
-0.004177
0.002805
0.011764
-0.008372
0.003766
0.008374
0.001794
-0.000335
0.003244
-0.001873
-0.009656
0.007568
0.011297
-0.014175
0.004384
0.002535
0.010890
0.004439
0.007076
-0.004565
-0.001608
-0.000144
-0.001905
0.000774
0.011069
-0.010464
0.005497
-0.008124
0.007386
0.013408
0.001650
0.000254
-0.002111
0.003089
0.001148
0.006190
-0.012499
0.000393
-0.013652
0.009352
-0.000265
-0.003393
-0.005285
0.006439
-0.011825
-0.005245
-0.000125
-0.013944
-0.005781
-0.003958
-0.000276
0.009759
-0.010740
0.005764
0.000482
-0.005293
-0.004350
-0.003346
0.001639
-0.001490
0.000837
0.000892
0.012752
-0.001842
-0.002794
0.001051
-0.001003
0.002715
-0.003703
0.001367
0.006809
0.006098
0.005943
-0.003254
0.004724
0.001379
-0.002205
-0.014074
0.001849
0.009168
-0.014397
0.002736
-0.007781
-0.004336
-0.000291
0.010630
-0.007091
0.002760
-0.006400
0.001262
0.002250
0.001880
0.019907
0.014199
-0.001270
0.002095
-0.010529
-0.006687
-0.003561
0.009061
-0.005904
0.005144
-0.001490
-0.003323
-0.000804
0.012944
-0.001142
-0.002532
-0.004930
0.003153
-0.017333
0.007944
0.001186
-0.000273
0.001910
0.000012
0.002002
0.000991
0.002507
-0.005013
0.001321
-0.012749
-0.012920
0.014486
-0.000859
0.012751
-0.006177
-0.000165
0.001502
0.005685
0.003167
0.001075
-0.000206
-0.002513
-0.011351
-0.007806
-0.017183
-0.001959
-0.018523
-0.006234
0.006407
-0.000885
-0.001841
-0.001571
0.006443
-0.008251
0.012719
-0.018083
-0.004213
-0.011060
0.002107
0.000009
0.004716
-0.007933
-0.008966
-0.000072
-0.007678
-0.003559
0.005911
-0.002307
-0.008873
0.002277
-0.005569
0.005804
0.007752
-0.006990
0.001387
0.014549
-0.008622
-0.010848
0.004552
-0.007116
-0.008035
-0.003807
-0.006428
0.009707
0.004361
0.005091
0.009156
0.000990
0.014921
-0.005357
0.002402
0.007679
0.011913
0.015942
-0.015390
-0.014714
0.008398
-0.001403
-0.014206
-0.003906
0.006440
-0.002753
0.008446
0.003752
-0.012384
-0.018796
-0.004451
0.005354
0.001599
-0.003784
-0.009515
0.001148
0.010889
-0.008549
-0.000514
0.000985
0.015308
-0.004695
0.006785
0.000179
-0.005943
-0.010810
-0.007668
0.002737
-0.016282
0.008078
0.000624
0.002608
-0.016558
0.005220
0.005221
-0.013551
-0.010376
-0.000381
0.001774
-0.009444
0.005624
0.011918
0.006015
0.001621
-0.003270
0.015120
0.004254
-0.006546
-0.011389
0.001018
-0.011072
0.000919
-0.003031
-0.000181
-0.010635
-0.001025
0.002209
-0.009054
0.005540
-0.002210
-0.004311
-0.009642
-0.002317
-0.002426
0.006290
0.007193
0.007211
-0.001132
-0.000790
-0.014687
-0.005971
0.001659
0.006385
0.004832
0.007863
0.005762
-0.000587
0.002303
-0.015540
0.008447
-0.008483
-0.010772
0.006006
-0.003142
-0.010125
0.001121
0.005962
0.000609
0.001197
-0.015586
-0.002668
-0.005078
0.004302
-0.000677
-0.009028
-0.005776
-0.009023
-0.008242
0.003445
0.005773
0.003073
0.002771
-0.004386
-0.006049
0.014458
-0.007731
-0.011429
0.004005
-0.004577
-0.011732
-0.007145
0.002227
0.001048
-0.000291
-0.010110
0.005138
0.010250
-0.013853
-0.024462
0.015186
-0.000307
0.005069
0.008677
-0.002435
-0.007377
0.003956
-0.006495
0.007563
0.003723
-0.000248
0.002889
0.000650
-0.010255
-0.004827
-0.008523
0.009009
-0.002394
-0.003044
-0.004347
0.020239
0.005408
0.009728
0.003220
0.001895
0.001916
-0.002761
0.011432
-0.003372
-0.001763
0.012125
-0.007075
-0.021090
-0.000064
0.004074
-0.007136
-0.001148
0.000757
-0.015237
0.010789
-0.012313
0.011015
-0.001901
-0.009700
0.013682
-0.004071
-0.001899
-0.016066
-0.002596
-0.003933
0.016662
-0.001562
-0.016054
0.023943
-0.008285
-0.001383
0.005034
0.003023
0.013405
-0.021846
0.012780
-0.007243
0.006060
0.005971
0.018088
0.012912
0.003603
0.016401
0.004225
-0.006537
0.000402
0.005590
-0.000847
-0.006280
-0.001647
0.001474
0.009882
-0.006963
0.000974
-0.002178
-0.008068
-0.001617
-0.007202
0.000811
0.013542
0.011821
-0.004411
-0.010021
-0.011639
-0.002382
-0.002744
0.002225
0.004260
0.001289
0.023134
0.018050
-0.008567
-0.003536
-0.001626
-0.008113
-0.000987
-0.001913
0.002138
0.002375
-0.019917
-0.007673
0.006163
0.001098
-0.004021
0.002850
0.001356
0.006038
-0.001938
-0.012930
0.011026
-0.002718
0.007692
-0.013159
0.006273
-0.000322
0.004402
0.002315
-0.012685
0.008637
0.001485
-0.012257
-0.013358
-0.022530
-0.009383
0.000457
-0.001972
0.010043
-0.000715
0.001120
0.003474
-0.000164
-0.002706
0.002464
0.012909
-0.010241
-0.005373
0.002036
-0.011702
-0.005734
-0.000018
0.003312
-0.011357
0.002444
-0.003938
0.000271
-0.007034
-0.002654
-0.011133
0.001034
0.007778
-0.007331
-0.002982
-0.006121
0.005836
0.003054
0.006268
-0.000291
-0.005174
0.001872
-0.000918
0.008811
0.007197
0.000736
-0.002869
0.015435
0.007971
-0.001118
0.002028
0.011087
0.006442
-0.001685
0.009436
0.004282
-0.015223
0.002156
0.006423
0.000772
-0.007013
0.002883
0.008312
-0.007745
-0.000371
0.003443
-0.008954
-0.002247
0.010562
-0.006644
-0.002577
-0.015686
0.007883
-0.012832
0.006394
0.007493
-0.004615
0.003067
-0.001180
-0.007681
-0.006226
-0.009022
0.000494
-0.015214
0.010455
-0.016484
0.003227
0.006540
-0.006848
-0.014044
-0.007282
0.009001
-0.001076
-0.001659
-0.001908
0.008568
0.016687
-0.004861
0.003690
-0.018014
0.003726
-0.002916
-0.009947
-0.003606
0.006366
0.005898
0.000880
0.002539
0.008766
-0.011307
-0.001086
0.006532
-0.002291
-0.013074
-0.007255
0.002019
0.008083
-0.000719
-0.005745
-0.019824
0.000396
-0.005440
-0.004117
-0.010177
0.005297
0.003978
0.010181
-0.001675
-0.015913
0.001016
-0.009006
0.003475
-0.010359
0.006735
-0.002409
-0.006417
0.017726
-0.000991
-0.003620
0.008065
-0.018873
-0.003144
-0.007176
-0.004414
0.008814
-0.009756
-0.002300
-0.010450
0.002927
0.015198
-0.000651
-0.006437
-0.010472
0.008810
0.003798
-0.007461
-0.000013
-0.003833
0.007010
0.015759
-0.013231
0.007290
-0.009880
0.009060
-0.005897
-0.002374
-0.001884
0.006462
-0.008590
-0.000908
0.015321
-0.005722
-0.001183
0.000423
0.002348
-0.004027
-0.006490
0.000675
-0.011445
-0.006152
-0.014918
-0.002736
-0.002470
0.002513
-0.004864
0.000835
-0.005472
-0.006182
-0.002028
-0.003415
-0.006840
-0.006852
-0.006925
-0.003593
-0.001100
-0.001233
-0.008888
0.004902
-0.003761
-0.012561
0.008002
-0.005266
0.001925
0.002336
0.012797
-0.007679
-0.007922
0.004235
0.001841
0.006545
0.004585
0.018874
-0.000114
-0.007030
0.002102
0.007851
0.006230
0.008682
0.013030
0.005078
-0.009144
-0.000542
-0.012454
-0.002869
-0.007902
-0.000799
0.007117
0.001178
-0.003902
0.002959
0.003618
-0.004546
-0.008768
0.005423
-0.007572
-0.001448
0.002378
-0.006180
0.006528
0.002891
0.005650
-0.011487
0.004543
0.004777
0.002776
-0.004144
0.013408
0.000024
-0.008188
0.001919
-0.006305
0.011561
0.003793
0.001035
0.003552
0.003745
-0.003099
-0.001651
-0.009219
0.001993
-0.010567
-0.004837
-0.003620
0.004637
0.006161
0.004406
-0.003034
-0.007024
-0.008444
0.001952
-0.009715
0.012648
0.006652
-0.011314
-0.001308
-0.007955
-0.002430
0.000956
-0.005262
-0.012473
-0.012018
0.000324
0.000012
-0.000264
-0.002093
0.006447
0.017727
-0.002458
0.001505
0.010950
-0.008618
-0.009048
-0.007638
-0.006709
-0.003880
0.007477
0.000299
-0.015585
-0.002526
-0.004310
0.004005
0.005771
0.003845
-0.008474
-0.003125
-0.009289
0.008174
0.002024
-0.013395
0.008736
0.006967
-0.002090
-0.002275
0.007424
-0.004930
-0.007942
-0.003678
0.000148
-0.001120
0.009864
0.013152
-0.004095
0.001820
-0.000056
0.015948
-0.010283
0.004972
-0.003161
-0.003615
0.000410
0.008941
0.001820
0.002309
0.011737
-0.003472
0.012547
0.005167
-0.004081
-0.006085
-0.010796
0.007511
0.003446
-0.000638
-0.001541
0.008589
-0.006340
0.003295
-0.011862
-0.005116
-0.004460
-0.008883
-0.007021
0.007539
-0.003110
-0.005165
0.007288
0.003351
-0.006649
-0.008041
0.001684
-0.004145
-0.000465
0.005947
-0.012873
0.006175
-0.007300
0.003339
-0.007978
0.010921
-0.010388
-0.011680
0.015053
0.002330
0.009193
-0.010591
0.010499
-0.004770
-0.000438
-0.006693
-0.015212
0.007959
0.007453
-0.010566
-0.020698
-0.003037
-0.002863
0.004978
-0.003803
0.004845
0.012883
0.002080
-0.010288
0.003888
-0.002534
-0.005224
0.014895
0.001442
0.016370
-0.004997
-0.020981
-0.008529
-0.004216
0.008877
-0.010298
0.016125
0.005028
-0.004422
0.014456
0.001797
-0.008971
-0.002377
-0.007406
0.010677
0.018501
-0.001911
-0.010352
-0.016559
0.000998
0.000449
0.014300
-0.004363
0.000774
0.001411
0.011321
-0.008878
0.002151
0.004063
-0.001874
-0.006398
0.000687
0.006802
-0.001663
-0.010564
0.001318
-0.003336
-0.006814
0.012202
0.009857
0.006425
0.001855
-0.015371
-0.009288
0.018475
0.004671
0.002433
0.001197
0.005126
0.006258
-0.003708
0.012443
-0.006005
0.001252
-0.005701
-0.003376
0.009623
0.015159
-0.021165
0.004531
-0.000378
-0.002559
0.005425
-0.001098
-0.012695
-0.003729
-0.004127
-0.009584
0.003498
0.005189
-0.005627
0.000095
-0.000442
-0.009327
-0.000848
0.000492
-0.004815
-0.009598
0.003925
0.005872
0.017406
-0.015320
0.000958
-0.005481
-0.002302
0.010477
0.013096
0.000337
0.003300
0.001831
0.006776
0.004335
-0.000101
0.002282
0.002261
0.000516
-0.001405
-0.008177
0.006681
-0.000301
-0.002830
-0.003706
-0.009410
-0.008016
0.004027
-0.006426
-0.012887
-0.008053
-0.006355
0.001195
0.014152
0.013562
0.006291
0.005494
0.008762
-0.003991
-0.000885
0.013897
-0.000988
0.011016
-0.000754
-0.001680
0.012045
0.003306
0.011070
-0.016812
0.012387
-0.006230
-0.001961
-0.009644
-0.002481
0.003872
-0.008276
-0.004860
0.006438
-0.002837
0.003261
0.003880
-0.001745
-0.010737
0.002340
0.005757
0.005993
-0.010619
-0.002732
0.005741
-0.007967
-0.005770
0.004377
0.016772
0.003240
0.007159
-0.003652
0.004504
0.009594
-0.010314
0.021787
-0.002258
-0.001121
0.009423
-0.008405
-0.005561
-0.011011
-0.001227
0.005657
0.009413
-0.004242
0.006833
-0.011193
0.011939
0.001028
0.002622
0.002594
0.007471
-0.015565
-0.006355
0.007426
0.010097
0.006524
0.001176
-0.003631
0.004321
-0.000959
0.000905
0.009124
0.004129
0.004993
0.003510
0.003446
0.005940
0.000189
-0.014070
-0.007475
0.001975
-0.008364
-0.006506
-0.002909
-0.013875
0.010694
0.013486
-0.009344
0.010239
-0.003123
0.001048
-0.002629
-0.010661
-0.007041
-0.013813
-0.013610
-0.006197
0.000096
0.013137
0.015572
0.011383
0.012189
-0.003231
-0.003409
0.003450
-0.020140
0.006782
-0.010941
-0.009175
-0.004641
0.004661
0.000825
-0.006867
0.008035
-0.000227
-0.001928
0.008922
0.011107
0.000391
-0.001349
0.000820
0.013857
0.011346
-0.001797
0.011325
0.003696
-0.003305
-0.002001
-0.005310
-0.014047
-0.006603
0.005351
-0.004972
0.004590
-0.005535
-0.003130
0.016184
0.000722
0.004515
0.003731
-0.008703
0.011498
-0.006791
-0.000351
-0.010093
-0.000025
-0.011645
0.004932
0.008638
-0.001830
-0.016629
0.000898
-0.003604
0.009333
-0.001044
-0.011217
-0.012418
-0.004568
0.005156
0.001660
0.014633
-0.002454
0.000741
0.004373
-0.004704
-0.007951
0.007116
0.012144
-0.002584
0.002844
0.003069
0.003301
-0.000405
-0.006262
-0.009764
0.005490
-0.003255
0.009886
-0.001090
0.007309
-0.010692
0.004845
-0.004845
0.005834
-0.007604
-0.011668
-0.006019
0.000057
-0.012045
-0.000964
-0.011201
0.006852
-0.005320
0.003598
0.003361
-0.002751
0.008774
-0.008652
0.003169
-0.000470
0.006369
0.010255
0.009336
0.014581
0.008995
-0.000235
-0.004048
-0.021176
-0.006951
0.007099
-0.017793
-0.000375
0.005222
-0.001160
-0.002255
-0.004291
0.008532
-0.009898
-0.002271
0.003284
0.005680
-0.003890
-0.011244
-0.013095
0.009401
-0.016486
0.008891
-0.004065
0.000492
0.007445
-0.005562
-0.008786
0.010338
0.021398
0.000579
0.005797
-0.000286
-0.006267
-0.000556
0.019819
0.004450
0.000721
0.000493
0.001576
-0.001781
0.001836
0.004091
0.007597
0.007204
-0.002688
-0.001327
-0.004361
-0.007524
-0.002973
0.009196
0.016104
-0.008377
-0.002874
0.004245
-0.001164
-0.007983
-0.008547
0.008605
0.005023
0.006302
0.003096
0.005705
0.005110
-0.012995
0.003026
-0.005988
0.001547
0.008265
-0.006575
-0.006358
-0.003340
-0.020554
0.008204
-0.008098
-0.004351
0.005507
-0.008467
0.002674
-0.000837
-0.005406
-0.010109
-0.003999
0.002169
-0.004153
0.004150
-0.018677
-0.009712
-0.000332
-0.000744
0.006307
-0.005074
0.007017
-0.007951
0.008930
0.002395
0.002671
0.021536
0.003003
0.009494
0.005437
0.003659
-0.005286
-0.002076
-0.003533
0.003348
0.000062
0.002051
0.004201
-0.004308
-0.005067
0.001270
-0.006289
-0.000052
0.004514
-0.007523
0.005647
-0.004463
-0.004901
0.004655
-0.009532
0.007487
-0.004266
0.013357
-0.009064
-0.006748
0.001518
0.008371
-0.007813
-0.004795
-0.002706
-0.001187
0.012767
-0.001374
0.017839
-0.002514
0.000601
-0.001324
-0.001505
-0.014221
0.007493
0.007032
0.000421
0.002316
0.000893
-0.020415
-0.004581
0.008294
0.007552
-0.016782
-0.004453
0.011873
0.005947
0.002257
0.010503
-0.008640
0.012389
0.004427
-0.008098
-0.000891
0.013113
0.003690
0.006868
-0.002311
0.006322
0.004592
-0.006657
0.001464
-0.002939
0.004827
0.001541
0.013402
0.003191
0.013460
0.001450
0.005814
-0.009706
-0.006845
-0.003416
0.008245
0.001949
-0.012415
-0.000682
0.011172
0.003399
0.008872
0.006736
0.006504
-0.001316
-0.016766
-0.010003
-0.005645
0.009267
0.001744
0.005090
0.005947
-0.000788
-0.002664
-0.003421
0.004926
-0.011888
-0.007085
-0.007406
0.001242
-0.000511
-0.012229
-0.012073
0.002737
-0.001080
0.000321
-0.001495
0.004390
-0.008491
0.006906
-0.005519
-0.006000
0.000222
-0.004034
-0.002755
0.013013
0.012931
0.010328
0.000581
-0.016418
-0.011390
0.010439
-0.001807
-0.016456
-0.000626
0.003981
0.017054
-0.006006
-0.009252
0.000898
-0.000241
0.000382
-0.006719
-0.015000
0.004286
0.011918
-0.000890
-0.002098
0.004477
-0.000732
0.006684
0.002127
0.006080
0.014075
0.004497
0.006638
-0.013452
0.002915
0.004408
0.003884
-0.020224
0.017190
0.007771
-0.002949
-0.006281
-0.000358
0.003992
-0.013930
-0.004022
-0.005940
-0.008311
-0.011556
0.004623
0.005304
-0.006217
-0.000411
0.016255
-0.012527
-0.001419
0.001857
-0.001120
0.020670
0.001964
-0.003507
0.008690
-0.010117
0.004095
-0.005047
0.012144
-0.004759
-0.001598
-0.003353
0.009993
0.000379
-0.015247
0.006012
0.001469
-0.002448
-0.001733
-0.004118
0.012807
0.003368
0.001296
-0.002513
-0.015151
0.001388
-0.003160
0.000215
0.001169
0.007289
-0.002049
-0.010997
-0.011532
-0.002249
-0.002798
-0.007070
-0.000816
0.012998
-0.018770
-0.002491
-0.008552
-0.001702
0.012350
-0.001961
-0.002587
0.008412
0.003485
0.018354
0.000452
-0.002830
-0.000755
-0.009114
0.015512
0.014794
0.006986
0.000091
-0.000417
0.000326
-0.001088
0.004085
-0.010249
0.009602
0.000135
0.003117
-0.006111
-0.004715
-0.005872
-0.006758
-0.006354
0.000633
-0.013925
-0.009598
0.003473
0.000829
-0.003543
0.009871
0.001563
0.006386
-0.001367
0.002728
0.006667
0.004524
0.008236
0.012048
-0.002885
-0.003497
-0.007097
0.007966
0.003306
-0.009596
0.003441
-0.005984
-0.003737
-0.014612
-0.010203
0.002577
-0.027910
-0.008985
0.004869
-0.008710
0.001763
0.003142
-0.001858
0.013448
-0.006379
0.002420
0.010250
-0.005918
-0.004036
-0.009048
0.018658
-0.002869
0.004543
-0.009662
-0.000799
0.000189
0.008060
-0.000989
-0.010509
0.004492
-0.001275
-0.004763
-0.002107
0.017555
-0.007873
-0.006344
0.003925
-0.001755
0.012856
0.001370
-0.007734
-0.013549
0.002108
-0.009609
-0.000850
-0.002486
0.001179
-0.003672
-0.000883
-0.002365
-0.008578
-0.005629
0.002734
-0.001912
-0.003201
-0.003104
-0.004054
0.015516
0.017508
-0.013105
0.015022
-0.000267
0.006358
0.008498
0.011146
-0.000642
0.002360
0.003714
0.018255
-0.000645
-0.002415
-0.011955
0.003566
-0.006207
-0.006792
-0.007717
-0.019533
-0.020883
0.016222
-0.001117
0.008505
0.004399
0.006019
0.009515
-0.002011
0.006694
-0.006496
-0.006598
0.009509
-0.005303
-0.002853
-0.002052
